-0.817095096038 -0.680508781688
-2.65642298218 -2.3432079379
-4.49575086833 -4.00590709412
-11.0972526893 -10.7400230167
-14.5733513791 -16.3122040826
-16.4126792653 -20.3122379653
-20.7317987005 -24.5449179362
-22.0406350026 -29.2776014425
-26.2812828224 -34.8497696353
-28.473027934 -36.8245626585
-30.4318414879 -38.7657390709
-0.817095096038 -4.94005385992
-6.38625401926 -8.94008774268
-11.950789376 -12.9401216254
-17.5153722974 -16.4891002386
-23.0799416291 -20.6878048162
-28.6444837809 -24.2043130443
-32.8371642438 -27.2926781199
-34.4048837027 -29.0792961897
-40.4185988587 -34.8579006672
-45.9831410105 -37.9731239188
-49.4525466422 -40.903428387
-51.2918745284 -46.4806429917
-55.5325223482 -50.4806768745
-57.7242674598 -52.4554698977
-63.2891764782 -57.5829989432
-67.3357303766 -60.511836982
-69.1750582628 -62.1745361382
-73.4157060826 -65.5413562308
-75.6074511942 -67.516149254
-77.5662647481 -69.4573256664
-0.817095096038 -0.680508781688
-2.65642298218 -2.3432079379
-7.15379064886 -6.64371050507
-9.89075219346 -9.23742001471
-11.1995884955 -10.5755951275
-14.068193977 -13.434352029
-0.817095096038 -0.680508781688
-6.38625401926 -7.41462470426
-11.9508029661 -11.414658587
-17.5153383228 -15.4506675722
-23.0798872697 -19.0464566033
-27.1088040266 -21.9103367457
-33.1225191826 -23.5730359019
-38.6870817194 -28.3056718243
-44.251746175 -31.4462680921
-49.8162815317 -36.7452994894
-53.9782847424 -40.3257272353
-59.5428540742 -44.4300221283
-61.7839369674 -46.4930249437
-63.6232648535 -53.2271408663
-65.4625927397 -56.6928767691
-68.3311982211 -59.5516336706
-0.817095096038 -0.680508781688
-2.65642298218 -2.3432079379
-8.03414937151 -8.48953719557
-13.5987051134 -12.5077203968
-15.9771282827 -15.5960854724
-20.6915604547 -19.8287654432
-23.2595820112 -24.1542217264
-26.1281874926 -28.1724049277
-0.817095096038 -0.680508781688
-2.65642298218 -2.3432079379
-8.22558190541 -7.92042254262
-13.7901172621 -11.9564315278
-17.8010802154 -15.992440513
-23.8147953714 -19.9924743958
-26.1932185408 -23.0808394714
-32.2069336969 -28.5911799623
-35.7332942215 -30.9177182963
-41.7470093775 -36.2167496936
-45.9090125882 -39.7815764991
-52.5105144092 -46.5156924216
-56.5394311661 -49.3795725641
-58.3787590522 -51.0422717203
-63.0931912241 -55.8893179938
-68.6578081189 -59.6136718361
-71.0362312883 -62.7020369117
-75.533598955 -67.0025394789
-78.2705604996 -69.4670372571
-83.6482868889 -74.3140835306
-89.2129173728 -78.5127881081
-93.2055982812 -82.5309713094
-96.4120900469 -85.7280733347
-100.60477051 -88.8164384103
-102.172489969 -90.60305648
-106.413137789 -93.9698765726
-108.371951342 -95.911052985
-0.817095096038 -4.94005385992
-2.65642298218 -8.94008774268
-7.15379064886 -13.2405903098
-12.7184822811 -17.0043710721
-16.7294452344 -20.4873191038
-19.3913088829 -23.8995663217
-21.5440008863 -26.0736148907
-27.1131598095 -31.6508294954
-32.6776951662 -35.0812260317
-38.242237318 -38.529448352
-41.3843982253 -42.0459565802
-44.2530037067 -45.458203798
-0.817095096038 -0.680508781688
-2.65642298218 -2.3432079379
-8.67013813823 -8.48953719557
-14.2346938801 -12.5938320886
-19.7993447471 -16.1896211197
-0.817095096038 -0.680508781688
-3.68570057745 -3.5392656832
-0.817095096038 -0.680508781688
-2.65642298218 -2.3432079379
-4.49575086833 -4.00590709412
-6.33507875448 -5.66860625033
-8.17440664063 -7.33130540655
-12.3422951062 -11.7830389434
-14.8912013388 -14.4163655983
-20.2689277281 -19.2634118719
-23.9035856281 -22.5066050044
-26.5654492765 -25.6084118244
-28.71814128 -27.7824603933
-30.5574691661 -29.4451595496
-33.4260746475 -32.3039164511
-0.817095096038 -0.680508781688
-5.98351239169 -7.41462470426
-11.5480953131 -10.8803606071
-17.1127122079 -14.6047144494
-22.6772543597 -18.6228976506
-28.2428831327 -23.7622192857
-33.8074184894 -27.7804024869
-36.544380034 -30.2449002651
-42.1135389572 -31.9075994213
-47.6780743139 -33.5702985775
-50.3399379624 -36.6721053975
-55.9055667354 -41.8114270325
-61.470142862 -45.8990826066
-64.921063679 -49.9989673492
-68.9499804359 -53.0616391054
-70.258816738 -56.8388111667
-72.9206803864 -59.9193087069
-75.0733723899 -62.0933572759
-76.912700276 -63.7560564321
-82.2904266653 -68.6031027056
-86.5128712302 -72.8018072832
-90.087087776 -76.0145102489
-93.5564934077 -78.9448147171
-96.2183570562 -82.0466215371
-101.783985829 -87.1859431722
-107.348527981 -91.2041263734
-109.187855867 -92.8668255296
-113.428503687 -96.2336456222
-115.387317241 -98.1748220346
-0.817095096038 -0.680508781688
-2.65642298218 -2.3432079379
-4.49575086833 -4.00590709412
-6.33507875448 -5.66860625033
-8.17440664063 -7.33130540655
-10.0137345268 -8.99400456276
-11.8530624129 -10.656703719
-13.6923902991 -12.3194028752
-15.5317181852 -13.9821020314
-17.3710460714 -15.6448011876
-19.2103739575 -17.3075003438
-23.9248061294 -22.6065317411
-27.1917392492 -25.9631608033
-32.7566482677 -30.502903184
-36.0235813875 -33.8595322461
-41.588490406 -38.3992746268
-45.2231483059 -41.4876397024
-47.0624761921 -43.1503388586
-48.9018040782 -44.8130380148
-50.7411319644 -46.475737171
-54.9817797842 -49.8425572636
-57.1735248958 -51.8173502868
-59.3652700074 -53.79214331
-61.3240835612 -55.7333197224
-0.817095096038 -0.680508781688
-3.68570057745 -3.5392656832
-0.817095096038 -0.680508781688
-2.65642298218 -2.3432079379
-4.49575086833 -4.00590709412
-6.33507875448 -5.66860625033
-12.9365805754 -7.33130540655
-16.9831344738 -12.6303368038
-22.5476834207 -16.2261258349
-27.3284861753 -20.9588093412
-31.3211670837 -24.9948183264
-36.8857092355 -29.0991132194
-42.4502445922 -33.0991471022
-48.0147799489 -36.4659671948
-51.4841855806 -39.396271663
-57.0533445038 -44.9734862677
-61.0643074571 -48.9735201505
-66.4420338464 -53.820566424
-72.0066643303 -57.0637595565
-77.571199687 -58.7264587128
-83.1357350437 -65.4605746353
-84.9750629298 -69.4606085181
-87.8436684113 -72.3193654196
-0.817095096038 -0.680508781688
-2.65642298218 -2.3432079379
-9.25792480313 -4.00590709412
-14.8224669549 -9.13058510425
-17.8918869443 -11.7931729313
-23.2696133336 -16.6402192048
-28.8342438174 -20.8389237824
-34.3987791741 -24.2693203187
-37.4681991635 -28.8189777948
-42.460263072 -32.8190116775
-44.2805959137 -34.711774357
-48.1477302252 -38.8212216875
-53.7126256584 -42.9211064301
-56.0910488278 -46.0094715056
-60.3316966476 -49.3762915982
-63.8011022793 -52.3065960665
-69.1788286686 -56.8434874117
-72.3042387655 -58.9449078601
-77.6819651548 -63.4817992053
-80.8073752517 -65.5832196537
-82.6467031378 -67.2459188099
-88.6604182939 -72.8231334147
-94.2250148048 -75.9211445373
-99.7895909314 -80.6537804597
-105.354255387 -83.7943767275
-111.367970543 -89.3715913322
-115.465642895 -92.5686933575
-119.706290715 -96.5177980379
-121.752284323 -98.5338699656
-123.591612209 -105.267985888
-128.306044381 -109.321508456
-131.09340442 -111.632168963
-0.817095096038 -0.680508781688
-2.65642298218 -2.3432079379
-4.49575086833 -4.00590709412
-8.36288517986 -8.11535442453
-13.9277806131 -12.803025832
-19.4925537707 -16.1990818142
-22.9336838627 -18.851652863
-25.8022893441 -21.7104097645
-0.817095096038 -0.680508781688
-4.19972109211 -4.40894209985
-8.4655259717 -9.1238631498
-12.4944427286 -13.2115187239
-16.0529603648 -16.6772546267
-21.6175229017 -20.7649102007
-25.3796528175 -24.2947939234
-30.233244362 -29.0097149733
-35.7977933088 -33.0457239585
-38.9061672186 -36.5114598613
-43.1468150384 -39.8782799539
-46.6162206701 -45.0058089995
-50.8568684899 -48.4362055358
-54.3262741216 -51.3665100041
-56.1656020077 -53.0292091603
-58.0049298939 -59.7633250828
-59.84425778 -63.7633589656
-61.6835856662 -67.7633928483
-63.5229135523 -69.4260920046
-65.3622414385 -76.1602079271
-67.2015693246 -80.1602418099
-69.0408972108 -84.1602756926
-70.8802250969 -85.8229748488
-72.7195529831 -87.4856740051
-74.5588808692 -89.1483731613
-78.799528689 -92.5151932539
-80.7583422429 -94.4563696663
-0.817095096038 -0.680508781688
-6.38625401926 -6.82683803936
-10.3972169725 -9.94206129091
-14.5651054381 -14.3937948278
-17.1140116707 -18.6365593951
-18.9533395569 -22.6365932779
-21.8219450383 -26.0669898143
-0.817095096038 -0.680508781688
-2.65642298218 -2.3432079379
-7.3708551541 -6.57588790873
-12.9354652543 -10.313557527
-0.817095096038 -0.680508781688
-7.41859691698 -7.41462470426
-12.9831322737 -11.414658587
-14.2919685758 -16.1473420933
-18.611088011 -20.147375976
-22.9830643099 -23.4201570658
-0.817095096038 -0.680508781688
-2.65642298218 -6.82683803936
-6.97554241745 -10.8268719221
-9.58966079872 -14.4673777919
-10.8984971008 -15.8055529047
-12.7378249869 -17.4682520609
-18.3838153629 -22.7672834582
-21.9580319087 -27.0243136027
-26.4553995753 -29.7418425478
-29.1923611199 -32.2063403259
-31.0316890061 -33.8690394821
-33.6935526546 -36.9708463021
-35.4984086627 -38.9574319148
-0.817095096038 -0.680508781688
-4.68422940756 -4.7899561121
-9.3589256562 -8.04254299431
-14.923474603 -12.1132776909
-17.9651919898 -16.2968533868
-19.804519876 -20.2968872696
-24.0451676958 -24.3150704708
-26.0911613034 -28.764755754
-27.9304891896 -32.7829389553
-34.5319910105 -39.5170548778
-37.9368852541 -42.5797266341
-39.7417412622 -44.5663122467
-0.817095096038 -0.680508781688
-2.65642298218 -2.3432079379
-4.49575086833 -8.48953719557
-8.36288517986 -12.4895710783
-10.6039680731 -17.1772424858
-14.9230875084 -21.1954256871
-16.2319238104 -22.5336007999
-18.0712516966 -24.1962999561
-23.2376689922 -29.4953313534
-26.1280407501 -33.5660660499
-3.9207845111 -0.680508781688
-9.4853470479 -6.19084927264
-13.5662685898 -9.67379730432
-15.4055964759 -11.3364964605
-18.2742019574 -14.195253362
-0.817095096038 -0.680508781688
-2.65642298218 -2.3432079379
-7.82284027784 -7.46788594804
-10.8922602672 -10.1304737751
-14.7593945787 -14.2399211055
-17.0004774719 -16.3029239208
-21.7149096439 -20.5356038916
-25.8923691128 -23.9055487298
-31.4573460548 -28.6382322361
-37.0218950016 -32.6917548038
-42.5865118964 -36.4161086461
-48.1511627635 -40.7282491533
-51.2066142717 -43.0580468098
-54.3320243686 -45.1594672582
-60.3457395246 -50.2841452684
-65.9102816764 -54.3548799649
-67.7306145181 -58.2845245717
-69.5699424043 -61.6967717896
-71.4092702904 -63.3594709458
-76.7869966797 -67.896362291
-82.3515660114 -72.1950073168
-85.138926051 -74.5056678238
-0.817095096038 -0.680508781688
-5.98351239169 -6.82683803936
-9.25044551152 -10.0549022903
-13.6547227551 -15.1795803004
-19.2194959127 -18.5756362826
-22.6606260047 -21.2282073314
-25.3224896532 -24.3300141513
-27.4751816566 -26.5040627203
-29.3145095428 -28.1667618765
-34.0289417147 -33.9453663541
-37.6925033608 -38.0330219281
-43.3384937367 -42.0512051294
-46.9127102825 -45.3527238289
-51.9047741911 -50.6517552261
-53.7251070327 -52.5445179057
-56.3869706812 -55.6463247256
-58.1918266894 -57.6329103383
-0.817095096038 -0.680508781688
-2.65642298218 -2.3432079379
-6.82431144773 -6.7949414748
-9.37321768035 -9.4282681297
-14.0876498523 -13.6609481005
-17.0413338896 -16.7626289521
-18.6090533484 -18.5492470218
-20.4483812346 -25.2833629444
-22.2877091207 -28.6956101622
-24.1270370069 -35.4297260848
-25.966364893 -39.4479092861
-31.3440912824 -44.2949555596
-36.9087217662 -48.4936601372
-42.473263918 -52.4936940199
-0.817095096038 -0.680508781688
-2.65642298218 -6.82683803936
-5.5250284636 -10.8268719221
-0.817095096038 -0.680508781688
-2.65642298218 -2.3432079379
-6.97554241745 -7.31946594292
-12.5402476377 -11.5477584777
-15.9813777297 -14.3775056137
-21.5459130864 -18.3266102941
-23.591906694 -20.3426822218
-26.9745326901 -24.07111554
-32.5395707593 -28.7860365899
-36.5505337126 -32.8220455751
-38.3708665542 -34.7148082547
-43.9400254775 -41.4489241772
-49.5045608342 -45.4671073785
-55.069109781 -49.6506830744
-57.433388443 -52.5145632169
-59.2727163292 -54.1772623731
-65.8742181501 -60.3235916308
-69.8668990585 -63.386263387
-75.8806142146 -68.2333096605
-79.927168113 -71.1621476993
-82.5890317615 -74.2639545192
-84.3938877696 -76.2505401319
-0.817095096038 -0.680508781688
-3.47895874452 -3.78231560163
-5.63165074794 -5.95636417062
-11.645365904 -12.6904800932
-17.2099692096 -16.8111419637
-20.7363297342 -21.0247499468
-27.3378315551 -25.0247838295
-32.9024076817 -29.1124394036
-38.4670721374 -33.6620968797
-44.0316142892 -36.7773201312
-47.5010199208 -39.7076245994
-54.1025217418 -45.8539538571
-57.0407495209 -49.4497428882
-59.2818324141 -54.1374142957
-64.6595588034 -57.5496615135
-70.2241892873 -61.7483660911
-75.7887382341 -65.3441551221
-77.0975745362 -69.4890519635
-80.9647088477 -73.5425745312
-83.205791741 -75.6055773465
-88.7749506642 -81.7519066042
-94.3394860209 -85.7700898055
-96.1598188626 -87.662852485
-97.9991467487 -89.3255516412
-99.8384746348 -90.9882507974
-102.707080116 -93.8470076989
-0.817095096038 -0.680508781688
-4.68422940756 -4.7899561121
-6.9253123008 -6.85295892743
-12.9390274568 -12.631563405
-18.5035967886 -16.7022981016
-24.0681661203 -20.3132160142
-25.3770024224 -21.651391127
-28.0388660708 -24.7531979469
-29.843722079 -26.7397835596
-0.817095096038 -0.680508781688
-6.83081025208 -7.41462470426
-9.17062468684 -10.0330627467
-13.8453209355 -13.2856496289
-19.4098698823 -17.3563843255
-24.9747789008 -21.8961267061
-30.5394297679 -26.0797024021
-36.1039651246 -29.5100989384
-38.256657128 -31.6841475074
-44.8581589489 -37.2613621121
-50.4226943056 -41.2795453134
-55.9872432525 -46.8517199428
-57.8265711386 -48.514419099
-63.4725615145 -53.8134504963
-67.0467780603 -57.1149691957
-69.9153835417 -59.9737260972
-4.94243575863 -0.680508781688
-10.5069711153 -2.3432079379
-16.0761300386 -8.48953719557
-21.6406653952 -12.5077203968
-25.8333458582 -15.5960854724
-27.4010653171 -17.3827035421
-29.2403932032 -19.0454026984
-33.217226432 -23.4971362353
-36.450121178 -26.6249282308
-38.6028131815 -28.7989767998
-42.5796464102 -33.2507103367
-45.8125411563 -37.6022777639
-50.0783460359 -40.8821142886
-53.6047065605 -45.0957222716
-59.1692690973 -48.5439445919
-60.989601939 -52.4735891987
-62.8289298251 -55.921811519
-67.3262974918 -60.2223140862
-71.6726969488 -63.9860948484
-73.4930297905 -65.878857528
-75.3323576766 -67.5415566842
-77.1716855628 -69.2042558404
-81.4123333826 -72.571075933
-83.6040784942 -74.5458689562
-85.7958236058 -76.5206619794
-87.9875687173 -78.4954550026
-89.9463822712 -80.436631415
-0.817095096038 -0.680508781688
-2.65642298218 -2.3432079379
-4.49575086833 -4.00590709412
-6.33507875448 -5.66860625033
-8.17440664063 -7.33130540655
-10.0137345268 -8.99400456276
-12.8823400082 -11.8527614643
-0.817095096038 -0.680508781688
-6.38625401926 -6.82683803936
-9.79114826281 -10.8450212406
-12.4530119113 -13.9468280606
-17.8245797396 -19.0861496956
-23.3891150963 -22.516546232
-26.4585350856 -26.4784170431
-31.302178989 -29.890664261
-35.59537441 -32.8199514351
-37.4002304181 -34.8065370478
-0.817095096038 -0.680508781688
-2.65642298218 -2.3432079379
-6.89707080201 -5.71002803049
-9.08881591358 -7.68482105369
-12.5582215453 -10.6151255219
-16.7988693651 -13.9819456145
-22.3637783836 -18.5216879952
-26.356459292 -21.4505260339
-28.1957871782 -23.1132251901
-30.0351150643 -24.7759243463
-36.0488302203 -30.922253604
-40.0415111288 -34.4052016357
-41.8808390149 -36.0679007919
-46.1214868348 -39.4347208845
-49.5908924665 -44.56224993
-51.4302203526 -48.5622838128
-53.2695482388 -50.224982969
-59.8710500597 -56.9590988916
-63.8637309681 -59.8879369303
-67.8405641969 -64.3396704672
-70.8621498493 -67.2561533691
-72.7014777355 -68.9188525253
-77.4159099074 -74.2178839226
-80.2032699469 -76.5285444296
-0.817095096038 -0.680508781688
-2.65642298218 -2.3432079379
-4.49575086833 -4.00590709412
-10.0649097916 -10.7400230167
-15.6294451483 -14.1522702345
-18.2913087967 -17.6352182662
-20.4440008002 -19.8092668352
-22.2833286863 -21.4719659914
-26.780696353 -25.7724685586
-31.12709581 -29.5362493209
-35.420291231 -34.0859067969
-39.8769614086 -37.8496875592
-41.9229550163 -39.865759487
-46.2420744515 -44.0984394578
-47.5509107536 -45.4366145706
-52.9286371429 -50.5612925807
-56.4549976675 -54.6980578588
-0.817095096038 -0.680508781688
-5.05774291586 -4.04732887427
-10.6226519343 -6.9776333425
-16.1871940861 -12.2766647398
-20.63219552 -16.7940960115
-24.073325612 -19.4466670602
-25.9126534981 -21.1093662165
-28.7812589795 -23.968123118
-0.817095096038 -0.680508781688
-6.38625401926 -7.41462470426
-11.9508029661 -12.9868057702
-13.7901308523 -14.6495049264
-18.1944080959 -19.7741829365
-19.7621275547 -24.1257503637
-25.7758427108 -28.1792729314
-28.831294219 -30.5090705879
-31.9567043159 -32.6104910363
-37.3344307052 -37.1473823816
-42.8990000369 -41.4460274073
-45.4670215934 -45.7714836905
-51.4807367495 -49.8250062582
-54.9039130379 -53.8957409548
-57.0566050413 -56.0697895238
-63.6581068622 -57.73248868
-69.2226626041 -60.8342954999
-71.3753546075 -63.0083440689
-73.2146824936 -64.6710432251
-77.9291146655 -68.903723196
-83.4937247658 -73.2291794791
-85.4525383197 -75.1703558915
-0.817095096038 -0.680508781688
-5.13621453131 -4.91318875252
-6.44505083339 -6.2513638653
-9.10691448187 -9.35317068524
-11.2596064853 -11.5272192542
-13.9214701338 -14.6290260742
-16.0741621372 -16.8030746432
-21.2405794328 -22.1021060404
-26.8051623543 -26.172840737
-28.6100183624 -28.1594263497
-0.817095096038 -0.680508781688
-2.65642298218 -2.3432079379
-4.49575086833 -9.07732386047
-7.36435634975 -12.5077203968
-0.817095096038 -0.680508781688
-2.65642298218 -2.3432079379
-4.49575086833 -4.00590709412
-8.73639868816 -7.3727271867
-12.2058043198 -10.3030316549
-16.0729386314 -14.4124789853
-20.1598482151 -16.4754818007
-25.7243835718 -21.6001598108
-31.2889257236 -25.6708945074
-35.5821211446 -29.6327653186
-39.0515267763 -32.5630697868
-44.2179440719 -37.6877477969
-49.7826085276 -42.237405273
-53.9600679965 -45.6073501111
-58.1530840862 -49.7522469525
-0.817095096038 -0.680508781688
-5.80915900455 -5.97954017897
-11.3739049878 -10.4969714507
-16.9384539346 -14.4970053334
-23.5399557556 -19.3440516069
-27.6208772975 -21.9333182721
-32.3353094694 -26.1659982429
-37.8999195696 -28.8820166136
-43.4644549263 -31.7407735151
-0.817095096038 -4.94005385992
-2.65642298218 -8.94008774268
-6.89707080201 -12.3069078353
-12.4619798205 -16.8466502159
-16.4546607289 -19.9271477561
-20.2167906448 -23.4570314787
-24.4825955244 -26.7368680034
-28.008956049 -29.0634063374
-29.8482839351 -30.7261054936
-32.5101475836 -33.8279123136
-38.0757763566 -38.9672339486
-43.6403320984 -43.0207565163
-49.2048674551 -47.0389397176
-51.0441953413 -51.0571229188
-55.7586275132 -55.0753061201
-58.5459875528 -57.3859666271
-0.817095096038 -0.680508781688
-2.65642298218 -2.3432079379
-7.15379064886 -6.64371050507
-9.89075219346 -9.10820828323
-11.7300800796 -10.7709074394
-13.5694079658 -12.4336065957
-16.2312716142 -15.5354134156
-18.3839636177 -17.7094619846
-20.2232915038 -19.3721611408
-22.0626193899 -21.034860297
-23.9019472761 -27.7689762196
-26.5638109246 -31.8049852048
-28.3686669327 -33.7915708175
-0.817095096038 -0.680508781688
-4.68422940756 -4.7899561121
-8.13515022458 -8.52211607457
-13.699733146 -12.6097716486
-15.7457267536 -14.6258435764
-22.3472285745 -21.359959499
-25.7883586665 -25.447615073
-30.2857263332 -29.4476489558
-33.0226878778 -32.0413584654
-34.3315241799 -33.3795335782
-40.3452393359 -39.1581380557
-44.4261608778 -44.7303319946
-46.265488764 -50.3075465993
-52.27920392 -54.3257298006
-56.3768762723 -58.4783432709
-61.0913084442 -62.4965264722
-64.6962022423 -65.3735824541
-66.5355301284 -67.0362816103
-69.4041356098 -69.8950385118
-0.817095096038 -0.680508781688
-4.98498356158 -5.13224231858
-7.5338897942 -9.37500688592
-9.37321768035 -13.3750407687
-11.2125455665 -17.3932239699
-13.0518734526 -19.0559231261
-17.2925212725 -22.4227432187
-19.484266384 -24.3975362419
-21.6760114956 -26.3723292651
-25.4136811139 -30.0647737854
-30.2672726584 -32.8926251863
-34.2961894153 -37.1062331694
-37.3656094046 -39.7688209964
-42.9347683279 -45.9151502541
-47.0156898697 -49.0639337021
-49.6775535182 -52.1657405221
-51.8302455216 -57.3050621571
-56.9966628173 -61.3050960399
-60.0660828066 -65.8547535159
-65.6352417299 -69.8547873987
-71.1997770866 -73.285183935
-76.7643396234 -77.3728395091
-78.6036675095 -79.0355386653
-80.4429953957 -80.6982378215
-82.2823232818 -82.3609369778
-84.121651168 -84.023636134
-85.9609790541 -85.6863352902
-90.2016268739 -89.0531553828
-92.3933719855 -91.027948406
-94.5851170971 -93.0027414292
-96.7768622087 -94.9775344524
-98.9686073202 -96.9523274756
-100.927420874 -98.893503888
-0.817095096038 -0.680508781688
-6.83081025208 -6.82683803936
-12.3953659939 -9.9756214874
-15.2639714753 -12.8343783889
-0.817095096038 -0.680508781688
-5.66073899943 -5.41314470405
-11.2254034551 -9.77751640348
-14.9443809403 -14.0202809708
-16.764713782 -18.5377122425
-23.366215603 -22.5377461253
-27.4471371448 -25.1270127904
-29.286465031 -26.7897119466
-31.1257929171 -28.4524111028
-37.1395080732 -35.1865270254
-40.713724619 -38.0834134643
-45.2110922857 -42.3839160315
-50.7757839179 -46.7354834586
-0.817095096038 -4.94005385992
-2.65642298218 -8.94008774268
-7.15379064886 -13.2405903098
-12.7184822811 -17.0043710721
-16.7294452344 -20.4873191038
-19.3913088829 -23.8995663217
-21.5440008863 -26.0736148907
-27.1131598095 -31.6508294954
-32.6776951662 -35.0812260317
-38.242237318 -38.529448352
-41.3843982253 -42.0459565802
-44.2530037067 -45.458203798
-0.817095096038 -0.680508781688
-2.65642298218 -2.3432079379
-4.49575086833 -9.07732386047
-8.73639868816 -12.5077203968
-12.2058043198 -15.4380248651
-18.8073061408 -21.0152394698
-24.3718414975 -25.051248455
-26.2111693836 -31.7853643776
-31.3775866793 -35.7853982603
-34.6445197991 -39.0134625112
-40.290510175 -44.3124939085
-44.4525133857 -47.8929216544
-46.2573693939 -49.8795072671
-0.817095096038 -0.680508781688
-2.65642298218 -6.2577233864
-8.67013813823 -10.2577572692
-12.7678104905 -13.4548592945
-14.6071383767 -15.1175584507
-20.6208535327 -20.8961629282
-26.1854092746 -25.0168247988
-0.817095096038 -0.680508781688
-2.65642298218 -2.3432079379
-8.67013813823 -7.92042254262
-14.2347142648 -12.073036013
-19.7992971862 -15.6220146262
-21.6386250724 -22.3561305487
-25.8792728922 -26.37431375
-28.0710180038 -28.3491067732
-30.2627631153 -30.3238997964
-33.732168747 -33.2542042646
-35.5714966332 -34.9169034208
-41.2174870091 -40.6955078984
-46.7820427509 -44.766242595
-50.8629642928 -48.8705374881
-53.5248279413 -52.3534855197
-55.3296839495 -54.3400711324
-0.817095096038 -0.680508781688
-2.65642298218 -2.3432079379
-4.49575086833 -7.92042254262
-8.36288517986 -11.9204564254
-12.4497947636 -15.6526163878
-16.5307163055 -19.688625373
-18.3700441916 -23.1190219094
-20.2093720778 -29.2653511671
-24.528491513 -33.2835343683
-26.8989878117 -35.9023889906
-31.1396356315 -39.2692090832
-34.6090412632 -44.3967381288
-36.4483691493 -48.41492133
-40.6890169691 -51.8453178664
-42.8807620807 -53.8201108896
-45.0725071923 -55.7949039128
-48.541912824 -58.725208381
-54.55562798 -65.4593243036
-57.996758072 -69.0851456217
-59.3055943741 -70.4233207345
-65.907096195 -75.2703670081
-71.4716655268 -79.4690715856
-0.817095096038 -0.680508781688
-2.65642298218 -2.3432079379
-8.22558190541 -9.07732386047
-13.7901444422 -12.5255461808
-15.6104772839 -14.4183088603
-20.3249094558 -19.2653551338
-23.9298032538 -22.1424111158
-25.76913114 -23.805110272
-31.4151215159 -29.1041416693
-34.9893380617 -32.316844635
-38.4587436934 -35.2471491032
-43.1731758653 -40.0941953768
-47.3658563282 -43.1825604524
-48.9335757871 -44.9691785221
-53.1014642527 -49.420912059
-58.6661355025 -53.6636766263
-61.7215870108 -55.9934742829
-64.8469971076 -58.0948947313
-70.224723497 -62.6317860765
-75.7892928287 -66.9304311022
-79.7819737371 -69.9931028585
-82.6505792185 -72.85185976
-0.817095096038 -0.680508781688
-2.65642298218 -2.3432079379
-4.49575086833 -4.00590709412
-11.0972526893 -10.1522363518
-16.6618288159 -14.2565312449
-22.2264321214 -18.4091447152
-25.6958377531 -21.3394491834
-31.0735641425 -25.8763405287
-36.6381334742 -30.1749855544
-40.0430277177 -33.2376573106
-41.8478837259 -35.2242429233
-0.817095096038 -0.680508781688
-3.68570057745 -3.5392656832
-4.94243575863 -4.94005385992
-10.5069711153 -8.94008774268
-12.3462990015 -10.6027868989
-17.0607311734 -14.8354668697
-19.6287527299 -17.5514852405
-22.4973582113 -20.410242142
-0.817095096038 -0.680508781688
-2.65642298218 -2.3432079379
-4.49575086833 -9.07732386047
-9.66216816399 -13.0773577432
-15.2268326196 -17.6270152193
-20.7913815665 -21.2528365374
-23.1698047359 -24.341201613
-29.1835198919 -31.0753175356
-34.7480688387 -35.2889255186
-37.4850303833 -37.7534232968
-39.3243582695 -43.0524546941
-43.5650060893 -47.1231893907
-47.034411721 -50.0534938589
-53.635913542 -56.1998231166
-57.7335858943 -60.2874786906
-59.0424221963 -61.6256538034
-64.4201485857 -66.1625451486
-68.5010701276 -69.5056787293
-0.817095096038 -0.680508781688
-7.41859691698 -5.52755505523
-11.4995184589 -8.11682172034
-17.5132336149 -13.8954261979
-21.5241965682 -17.3783742296
-0.817095096038 -0.680508781688
-3.68570057745 -3.5392656832
-0.817095096038 -0.680508781688
-6.83081025208 -6.82683803936
-12.3953999683 -10.8450212406
-17.9599557101 -14.3279692723
-23.5246065772 -17.2877695366
-29.0891419339 -22.5868009339
-34.6537452395 -26.7550153447
-36.4930731256 -30.1672625625
-42.5067882816 -36.9013784851
-48.0713644082 -40.9549010528
-50.4372496321 -44.0927426877
-52.5899416355 -46.2667912567
-54.4292695217 -47.9294904129
-56.2685974078 -49.5921895691
-58.107925294 -55.7385188267
-62.8223574659 -59.774527812
-66.4570153658 -62.8628928875
-69.3256208472 -65.7216497891
-0.817095096038 -0.680508781688
-7.41859691698 -7.41462470426
-12.9831322737 -11.4328079055
-17.4398024514 -15.1965886678
-19.485796059 -17.2126605956
-24.6522133546 -22.3373386057
-30.2168778103 -25.4519115565
-0.817095096038 -0.680508781688
-2.65642298218 -2.3432079379
-8.67013813823 -9.07732386047
-12.6990548951 -13.2909318435
-14.5383827813 -20.0250477661
-16.3777106674 -24.0250816488
-18.2170385536 -25.6877808051
-22.9314707255 -29.9204607759
-27.1089301944 -33.290405614
-28.4177664965 -34.6285807268
-30.2570943826 -36.291279883
-32.0964222688 -37.9539790393
-34.9650277502 -40.8127359408
-0.817095096038 -0.680508781688
-2.65642298218 -7.41462470426
-4.49575086833 -10.8268719221
-8.73639868816 -14.7759766024
-13.2160056512 -19.2256618856
-17.4814984696 -23.5378023928
-20.0304047022 -26.1711290477
-21.8697325884 -27.8338282039
-24.5315962368 -30.9356350239
-26.8974814607 -34.0734766587
-28.7023374689 -36.0600622714
-0.817095096038 -0.680508781688
-4.68422940756 -4.7899561121
-6.9253123008 -6.85295892743
-8.76464018695 -8.51565808365
-13.9310574826 -13.8146894809
-19.495640404 -17.8854241775
-21.7367232972 -19.9484269928
-28.3382251182 -25.7270314704
-32.3671418751 -29.7805540381
-34.2064697612 -33.7805879208
-37.0750752426 -36.6393448224
-0.817095096038 -0.680508781688
-2.65642298218 -2.3432079379
-4.49575086833 -7.92042254262
-6.33507875448 -11.9204564254
-12.3487939105 -15.9204903081
-17.9134447776 -19.6448441504
-0.817095096038 -0.680508781688
-2.65642298218 -2.3432079379
-4.49575086833 -8.48953719557
-7.87837686441 -11.9552730984
-10.1072998167 -14.1687581966
-12.7691634652 -17.2705650165
-18.1407312935 -22.4098866516
-19.4495675956 -23.7480617644
-21.2888954817 -25.4107609206
-26.0033276536 -30.2578071941
-28.972232685 -33.9821610364
-30.281068987 -35.3203361492
-32.1203968732 -36.9830353054
-34.9890023546 -39.8417922069
-0.817095096038 -0.680508781688
-6.83081025208 -6.19084927264
-9.87252763888 -9.15064953697
-15.8862427949 -14.2753275471
-19.8972057482 -17.7582755788
-21.2060420503 -19.0964506916
-25.1828752791 -23.5481842285
-30.747628056 -27.8997516556
-34.7941819543 -31.9532742233
-38.956185165 -36.0739360939
-40.2650214671 -37.4121112067
-44.979453639 -42.7111426039
-47.7668136786 -45.0218031109
-0.817095096038 -0.680508781688
-2.65642298218 -2.3432079379
-4.49575086833 -4.00590709412
-8.47258409711 -8.45764063101
-14.037336874 -12.8092080582
-19.6018926159 -16.8627306259
-21.4222254575 -18.7554933054
-24.084089106 -21.8573001254
-26.2367811094 -24.0313486944
-30.7341487761 -28.3318512615
-33.4711103207 -30.9255607712
-34.7799466228 -32.2637358839
-36.6192745089 -33.9264350402
-38.4586023951 -39.2254664374
-42.3257367066 -43.296201134
-44.5668195998 -45.3592039494
-47.4354250813 -48.2179608509
-0.817095096038 -0.680508781688
-2.65642298218 -2.3432079379
-6.97554241745 -6.57588790873
-8.28437871953 -11.308571415
-10.1237066057 -15.3086052978
-14.8381387776 -19.3086391805
-18.4430325756 -22.1856951624
-21.311638057 -25.044452064
-0.817095096038 -0.680508781688
-6.83081025208 -6.19084927264
-12.3954611191 -10.3744249686
-17.960016861 -14.4279475363
-23.5245522177 -18.4639565215
-29.0892166733 -23.0136139976
-33.1001796266 -27.0496229828
-39.7016814476 -31.0496568655
-45.2662575741 -34.5495257747
-49.5594529951 -38.3261108092
-53.1941108951 -41.4144758848
-55.0334387812 -48.1485918074
-56.8727666674 -52.1486256901
-62.8864818234 -57.4476570874
-67.0484850341 -61.0124838929
-73.649986855 -66.5228243838
-77.7309083969 -70.0057724155
-0.817095096038 -0.680508781688
-2.65642298218 -2.3432079379
-5.5250284636 -5.20196483942
-0.817095096038 -0.680508781688
-2.65642298218 -7.41462470426
-5.31828663067 -11.414658587
-7.12314263882 -13.4012441997
-0.817095096038 -0.680508781688
-2.65642298218 -2.3432079379
-6.82431144773 -6.7949414748
-12.3889826976 -11.0377060421
-17.9535316444 -15.0377399249
-23.51813495 -19.2059543357
-27.5108158585 -22.2864518759
-29.6635078619 -24.4605004448
-31.502835748 -26.1231996011
-34.3714412294 -28.9819565026
-0.817095096038 -0.680508781688
-2.65642298218 -2.3432079379
-7.6484868907 -7.64223933518
-11.5057016596 -9.5350020147
-17.0702370163 -13.484106695
-21.5498439793 -17.3460053133
-23.370176821 -19.2387679928
-25.2095047072 -20.901467149
-30.3759220028 -26.0261451591
-35.9405864585 -30.5758026352
-41.5051218152 -33.9880498531
-45.745769635 -37.4709978847
-47.7045831889 -39.4121742971
-0.817095096038 -0.680508781688
-2.65642298218 -2.3432079379
-4.49575086833 -4.00590709412
-8.73639868816 -7.3727271867
-12.2058043198 -10.3030316549
-14.045132206 -17.0371475775
-18.2857800258 -21.0906701452
-20.3317736334 -23.106742073
-26.9332754544 -29.8408579955
-32.4978108111 -33.2531052134
-35.5672308004 -37.8027626894
-37.4065586866 -41.8027965722
-42.1209908585 -45.8028304549
-45.7258846565 -50.1149709621
-49.7027178853 -54.1150048449
-55.2674706622 -58.4665722721
-60.8320060189 -62.6191857424
-64.97831032 -65.7171968651
-68.9892732733 -70.8418748752
-73.2824686943 -75.3915323513
-77.369378278 -78.8554283272
-82.9339544046 -83.0080417975
-88.4985577102 -86.5884695434
-91.1604213587 -89.6902763634
-92.9652773668 -91.676861976
-0.817095096038 -0.680508781688
-2.65642298218 -2.3432079379
-7.3708551541 -6.57588790873
-11.548314623 -9.94583274689
-13.3686474647 -13.8754773537
-15.2079753508 -17.2877245715
-19.1848085796 -21.7394581084
-23.6414787573 -25.1355140906
-29.2060820629 -29.3925442351
-34.7706174196 -33.4285532203
-37.0117003128 -35.4915560356
-38.851028199 -37.1542551918
-40.6903560851 -38.8169543481
-43.3522197336 -41.918761168
-45.504911737 -44.092809737
-49.8240311723 -49.069067742
-54.1960074711 -52.3418488317
-0.817095096038 -0.680508781688
-5.80915900455 -5.97954017897
-9.66637377348 -9.27319601903
-13.7302591282 -12.4858989848
-19.2994180514 -19.2200149074
-24.8639534081 -23.2200487901
-27.2282320701 -26.0839289326
-33.2419472262 -30.9309752061
-37.2885011246 -33.8598132448
-43.3022162806 -40.5939291674
-46.8764328264 -43.4908156063
-49.7450383078 -46.3495725078
-0.817095096038 -0.680508781688
-2.65642298218 -2.3432079379
-7.15379064886 -6.64371050507
-9.89075219346 -9.23742001471
-11.1995884955 -13.970103521
-16.5773148849 -17.9701374037
-22.1418978063 -21.519116017
-26.2228193482 -24.1083826821
-30.463467168 -28.0574873624
-32.5094607756 -30.0735592901
-37.8871871649 -34.9206055637
-43.4518176488 -38.1637986962
-49.0163733906 -39.8264978524
-53.2570212104 -43.193317945
-58.8219302289 -47.3653355455
-61.8913502183 -50.0279233726
-66.1319980381 -53.3947434652
-68.090811592 -55.3359198776
-0.817095096038 -0.680508781688
-2.65642298218 -2.3432079379
-7.3708551541 -6.57588790873
-9.9388767106 -10.9013441919
-11.7782045967 -14.3135914098
-17.7919197528 -20.4599206674
-23.356509469 -24.4781038687
-28.9210516208 -28.4781377514
-34.4857160764 -33.0277952275
-39.266518831 -37.7604787338
-43.2774817843 -41.276986962
-48.8466407075 -48.0111028845
-54.4112032443 -52.0987584586
-60.4249184004 -56.0987923414
-65.9895013218 -60.1864479154
-71.5540774484 -64.2399704831
-77.1187283154 -68.5521109903
-81.1996498573 -71.895244571
-0.817095096038 -0.680508781688
-2.65642298218 -2.3432079379
-6.82431144773 -6.7949414748
-12.3889826976 -11.0377060421
-15.8477499311 -15.0377399249
-17.6870778172 -18.5034758277
-21.0697038133 -22.2319091459
-23.2986267656 -26.3590435309
-29.3123419217 -30.3772267322
-32.454502829 -34.4307492999
-34.2938307151 -41.1648652224
-40.3075458711 -45.1648991052
-44.4695490818 -49.3175125755
-51.0710509028 -53.3356957768
-54.4759451463 -54.998394933
-56.3152730325 -56.6610940892
-61.9612634084 -61.9601254865
-67.525866714 -66.217155631
-73.0905311696 -69.3577518988
-79.6920329906 -71.020451055
-85.2565683473 -77.1667803127
-89.3374898892 -81.2710752058
-0.817095096038 -0.680508781688
-2.65642298218 -2.3432079379
-9.25792480313 -7.85354842885
-14.8224941348 -11.9242831254
-20.3871450019 -15.6486369677
-23.9613615477 -18.5455234067
-26.8299670291 -21.4042803082
-0.817095096038 -0.680508781688
-2.65642298218 -7.41462470426
-6.82431144773 -11.4328079055
-9.37321768035 -14.0661345604
-11.2125455665 -15.7288337166
-13.874409215 -18.8306405366
-16.0271012184 -21.0046891056
-21.5962601416 -26.5819037103
-25.0373902336 -29.6445754665
-27.2784731269 -31.7075782819
-29.117801013 -33.3702774381
-30.9571288992 -35.0329765943
-32.7964567853 -36.6956757505
-34.6357846714 -38.3583749067
-36.4751125576 -40.0210740629
-40.3422468691 -44.1305213933
-42.5833297624 -46.1935242087
-45.4519352438 -49.0522811102
-0.817095096038 -0.680508781688
-2.65642298218 -2.3432079379
-4.49575086833 -4.00590709412
-6.33507875448 -5.66860625033
-10.7393559981 -10.7932842605
-16.3041291557 -12.5799023302
-21.8686645124 -17.7045803403
-25.8796274657 -21.187528372
-27.1884637678 -22.5257034848
-32.757622691 -28.6720327425
-35.8659966007 -32.1377686453
-37.7053244868 -33.8004678015
-39.544652373 -35.4631669577
-45.558367529 -40.762198355
-51.1229708346 -44.3270251604
-56.6875061913 -48.3452083617
-58.5268340775 -50.0079075179
-60.3661619636 -51.6706066741
-66.9676637846 -57.4492111516
-70.9965805415 -60.2789582877
-77.5980823624 -61.9416574439
-81.5907632709 -65.0434642639
-83.7434552743 -67.2175128329
-89.3126141975 -73.9516287554
-94.8771495542 -77.9698119567
-100.441725681 -81.5346387621
-102.262058522 -85.4642833689
-104.101386409 -88.9300192717
-105.940714295 -90.5927184279
-108.809319776 -93.4514753295
-0.817095096038 -0.680508781688
-2.65642298218 -2.3432079379
-9.25792480313 -7.19025421144
-13.338846345 -11.388958789
-15.1781742312 -14.8012060068
-18.0467797126 -17.6599629084
-0.817095096038 -4.94005385992
-6.38625401926 -8.94008774268
-10.3972169725 -12.0553109942
-15.7749433619 -16.9023572678
-18.7736124951 -21.1010618453
-21.139497719 -24.2389034802
-26.5110655473 -28.7904384503
-30.0374260719 -31.1169767843
-36.6389278928 -37.8510927069
-42.2034700446 -41.8692759082
-44.0427979308 -43.5319750644
-48.2834457506 -46.898795157
-51.7528513823 -52.0263242025
-56.5964952857 -56.0263580853
-62.1611597413 -60.3907297847
-67.7257426627 -63.9397083979
-71.9663904825 -67.3065284905
-75.4357961142 -70.2368329587
-77.2751240004 -71.899532115
-81.5157718202 -75.2663522075
-83.4745853741 -77.2075286199
-0.817095096038 -0.680508781688
-2.65642298218 -2.3432079379
-6.03904897826 -6.07164125607
-10.8926405227 -8.28512635427
-16.4571962646 -15.0192422768
-22.0217588014 -19.1068978509
-27.586423257 -22.8834828855
-31.1606398028 -25.7803693244
-35.0277741144 -29.8898166548
-37.2688570076 -34.5774880623
-43.2825721636 -38.5956712635
-48.8472230307 -42.9078117707
-52.8761397876 -46.9078456535
-56.3455454193 -49.8381501217
-61.511962715 -54.9628281319
-64.5813827043 -59.5124856079
-66.4207105904 -63.5125194907
-73.0222124114 -67.5307026919
-78.586788538 -71.618358266
-0.817095096038 -0.680508781688
-2.65642298218 -2.3432079379
-5.31828663067 -5.44501475785
-7.47097863409 -7.61906332684
-9.31030652024 -9.28176248305
-11.1496344064 -10.9444616393
-15.3902822262 -14.8935663196
-17.4362758338 -16.9096382473
-19.27560372 -18.5723374036
-21.9374673685 -21.6741442235
-23.7423233766 -23.6607298362
-0.817095096038 -0.680508781688
-4.98498356158 -5.13224231858
-10.5496548114 -9.37500688592
-16.1141901681 -13.4457415825
-21.6787255248 -17.4457754653
-27.2432608815 -21.445809348
-33.2569760376 -25.4639925493
-38.8215113943 -29.5347272458
-42.9989708632 -32.904672084
-46.8561856321 -37.4221033557
-0.817095096038 -0.680508781688
-2.65642298218 -2.3432079379
-4.49575086833 -7.92042254262
-10.5094660244 -11.9386057439
-16.0740149712 -15.564427062
-21.6389104044 -19.6643118046
-27.2034457611 -23.6824950059
-29.0427736473 -25.3451941621
-30.8821015334 -27.0078933183
-36.2598279227 -31.8549395918
-41.8244584066 -36.0536441694
-47.3890209434 -40.1412997435
-49.2283488296 -45.7134872459
-54.7975077528 -51.2907018506
-58.2386378448 -54.3533736068
-63.803533278 -58.0855335693
-67.8324500349 -61.6813226003
-73.4016089581 -63.3440217565
-77.3942898666 -66.7108418491
-79.3531034204 -68.6520182615
-0.817095096038 -0.680508781688
-5.05774291586 -4.04732887427
-9.75092397918 -9.17485791984
-11.318643438 -10.9614759896
-15.4865319036 -15.4132095265
-18.0354381362 -18.0465361814
-23.4131645255 -22.5834275266
-27.4940860674 -25.9265611073
-0.817095096038 -0.680508781688
-4.68422940756 -4.7899561121
-10.2491248408 -9.4776275196
-13.0542661661 -12.8898747374
-17.2949139859 -16.8389794178
-22.85968035 -21.2886647009
-26.3860408746 -23.6152030349
-30.3628741034 -28.0669365718
-33.5957688494 -31.1947285674
-35.7484608528 -33.3687771364
-37.587788739 -38.9459917411
-39.4271166251 -42.358238959
-44.141548797 -48.1368434365
-47.8051104432 -52.2244990106
-54.4066122641 -56.2426822118
-59.9711815958 -60.2608654131
-65.5357373377 -64.2608992958
-69.9924075154 -67.656955278
-73.5666240611 -71.9139854225
-79.1357829844 -75.9675079902
-84.7003183411 -79.9856911915
-90.2649488249 -84.1692668874
-95.8295317463 -88.3828748705
-99.2344259899 -92.4010580717
-104.880416366 -98.1796625493
-110.444965313 -102.233185117
-0.817095096038 -0.680508781688
-6.83081025208 -6.82683803936
-12.3953659939 -10.9311329324
-17.9599081457 -14.9493161337
-19.7802409874 -16.8420788132
-24.4946731593 -21.6891250867
-28.0995669574 -24.5661810687
-29.9388948435 -30.1433956734
-35.3166212328 -33.5556428912
-38.4420313297 -35.6570633396
-40.2813592158 -37.3197624958
-46.2950743719 -42.1668087694
-50.3416282703 -45.0956468081
-56.3553434263 -49.9426930816
-61.9198991682 -54.095306552
-65.3430754565 -57.5610424548
-71.9445772775 -63.3396469323
-77.5091330193 -66.8053828351
-81.8282524546 -71.038062806
-83.1370887567 -72.3762379187
-87.8515209286 -77.2232841923
-91.4564147266 -80.1003401742
-95.6243031922 -84.5520737111
-101.188974442 -88.7948382784
-104.658380074 -91.7251427467
-111.259881895 -97.2354832376
-115.340803437 -100.718431269
-120.055235608 -104.95111124
-122.623257165 -109.276567523
-124.462585051 -113.276601406
-126.301912937 -120.010717329
-128.141240823 -124.010751211
-132.381888643 -127.377571304
-134.340702197 -129.318747716
-0.817095096038 -0.680508781688
-2.65642298218 -2.3432079379
-8.67013813823 -8.12181241545
-14.234700675 -11.7022401613
-17.7041063067 -14.6325446296
-23.2732652299 -20.2097592343
-28.8378005866 -24.2279424355
-34.4023359433 -28.2461256368
-38.3950168518 -32.2461595195
-42.6356646716 -35.7291075512
-46.1050703033 -38.6594120195
-52.7065721243 -45.393527942
-58.2711074809 -49.4117111433
-63.8356564278 -53.4993667174
-69.4002189646 -57.0797944632
-72.8696245963 -60.0100989315
-78.4387835195 -65.3091303288
-84.0033324664 -68.9049193598
-85.823665308 -72.8345639666
-92.425167129 -76.8705729518
-97.9897160758 -80.8706068345
-103.554251433 -85.3223403714
-106.575837085 -88.2388232733
-111.567900993 -93.5378546706
-115.425115762 -96.8315105107
-120.989678299 -100.999724921
-126.554213656 -104.999758804
-128.51302721 -106.940935217
-0.817095096038 -0.680508781688
-2.65642298218 -2.3432079379
-4.49575086833 -9.07732386047
-6.33507875448 -12.5430597633
-8.17440664063 -14.2057589195
-10.0137345268 -20.9398748421
-14.2543823466 -24.9933974098
-16.3003759542 -27.0094693375
-18.1397038404 -32.3085007348
-19.9790317265 -35.4237239863
-21.8183596127 -38.8894598891
-24.6869650941 -41.7482167907
-0.817095096038 -0.680508781688
-3.68570057745 -3.5392656832
-0.817095096038 -0.680508781688
-6.83081025208 -6.82683803936
-12.3953659939 -9.9756214874
-16.7144854292 -14.2083014582
-18.0233217313 -18.3531982996
-23.5924806545 -22.4067208673
-29.1570228063 -26.5110157604
-34.7219182395 -31.1986871679
-40.2864603913 -34.6469094882
-45.8511248469 -39.1965669643
-48.9205448363 -41.8591547913
-53.2396642716 -46.0918347621
-54.5485005736 -47.4300098749
-56.3878284598 -54.1641257975
-58.2271563459 -57.5763730153
-62.4678041658 -60.9431931079
-65.9372097975 -63.8734975761
-68.5990734459 -66.9753043961
-70.4039294541 -68.9618900088
-0.817095096038 -0.680508781688
-2.65642298218 -2.3432079379
-4.49575086833 -7.64223933518
-7.15761451682 -11.7948528055
-8.96247052496 -13.7814384182
-0.817095096038 -0.680508781688
-3.68570057745 -3.5392656832
-0.817095096038 -0.680508781688
-6.83081025208 -6.82683803936
-12.3953659939 -9.9756214874
-16.2625003055 -14.0850688178
-20.3494098892 -17.5489647937
-25.9139860158 -21.701578264
-31.4785349626 -25.7551008317
-33.3178628488 -29.7551347145
-35.1571907349 -31.4178338707
-41.170905891 -38.1519497933
-46.7354480428 -42.205472361
-50.7281289512 -45.6358688973
-52.5674568373 -47.2985680535
-54.4067847235 -48.9612672098
-56.2461126096 -50.623966366
-62.8476144306 -57.3580822885
-66.8765311875 -61.4457378626
-71.1956506228 -65.4457717454
-72.5044869248 -66.7839468581
-75.1663505733 -69.8857536781
-77.3190425767 -72.0598022471
-79.1583704629 -73.7225014033
-83.4774898982 -78.6987594083
-89.0421951184 -82.927051943
-91.3820095532 -85.5454899855
-96.0567058018 -90.233161393
-97.8770386435 -94.7505926646
-102.591470815 -98.7506265474
-105.378830855 -101.061287054
-0.817095096038 -0.680508781688
-2.65642298218 -2.3432079379
-7.15379064886 -6.64371050507
-11.5001901059 -10.4074912674
-17.0648545615 -13.5220642181
-0.817095096038 -0.680508781688
-5.05774291586 -4.62961346202
-7.10373652348 -9.07929874517
-8.94306440962 -13.0974819464
-13.1109528752 -17.1510045141
-15.6598591078 -21.3937690815
-20.3742912797 -25.4472916492
-24.0089491796 -28.5356567248
-27.3915751757 -32.2640900429
-29.620498128 -34.4775751411
-31.4598260142 -36.1402742973
-33.2991539003 -37.8029734536
-35.1384817865 -39.4656726098
-36.9778096726 -41.128371766
-40.8449439842 -45.2378190964
-46.4098394174 -49.9254905039
-50.6322839822 -53.1686836364
-0.817095096038 -0.680508781688
-2.65642298218 -2.3432079379
-6.97554241745 -6.57588790873
-8.28437871953 -7.91406302151
-12.7817463862 -12.2145655887
-15.5187079308 -14.8082750983
-16.8275442329 -19.5409586046
-22.8412593889 -23.5409924874
-25.8967108972 -25.8707901439
-29.022120994 -27.9722105923
-34.3998473834 -32.5091019375
-37.5252574802 -34.6105223859
-39.3645853664 -36.2732215421
-42.0264490149 -39.3750283621
-44.1791410183 -41.5490769311
-49.7482999415 -47.6954061887
-53.7592628948 -51.7997010818
-55.5985907809 -55.2479234021
-59.9177102162 -60.2241814071
-65.4824154365 -64.4524739419
-67.8608386059 -68.7646144491
-69.700166492 -72.7646483318
-75.0778928813 -76.1768955497
-78.2033029782 -78.2783159981
-80.0426308643 -83.8555306028
-83.9097651759 -87.8555644855
-87.3606859929 -91.587724448
-90.5193217374 -95.6753800221
-94.8384411726 -100.651638027
-100.403146393 -104.879930562
-105.967810849 -109.244302261
-109.542027394 -112.457005227
-111.500840948 -114.398181639
-0.817095096038 -0.680508781688
-2.65642298218 -2.3432079379
-4.49575086833 -9.07732386047
-6.33507875448 -12.5430597633
-8.17440664063 -18.120274368
-10.0137345268 -21.5325215858
-12.8823400082 -24.9447688037
-0.817095096038 -0.680508781688
-2.65642298218 -2.3432079379
-5.5250284636 -5.20196483942
-4.30644699191 -3.64077087579
-9.87099593875 -7.74506576887
-13.8999126957 -11.1573129867
-15.7202455373 -15.0869575935
-21.7339606934 -19.1404801612
-25.7978460481 -22.353183127
-28.4597096966 -25.4549899469
-32.2218396124 -28.9848736695
-34.4507625648 -31.1983587677
-36.2900904509 -37.9324746903
-42.303805607 -41.9325085731
-47.868456474 -45.5282976041
-0.817095096038 -0.680508781688
-2.65642298218 -2.3432079379
-9.25792480313 -8.48953719557
-12.4644165688 -12.6731128915
-18.1104069447 -16.6912960928
-22.2724101554 -20.2717238387
-24.4251021588 -22.4457724077
-30.4388173149 -27.9561128986
-36.0034002363 -32.1697208817
-39.5619178725 -35.6354567845
-45.1264804093 -39.7231123585
-49.1730343077 -43.1888482613
-53.2019510646 -44.8515474175
-55.0412789508 -46.5142465738
-56.8806068369 -53.2483624963
-58.7199347231 -57.2483963791
-60.5592626092 -58.9110955353
-64.9635398528 -64.6897000128
-67.3278185148 -68.189568922
-70.1964239962 -72.2430914897
-0.817095096038 -0.680508781688
-2.65642298218 -2.3432079379
-4.49575086833 -4.00590709412
-8.36288517986 -8.11535442453
-13.0375814285 -12.803025832
-17.1185029704 -16.8212090333
-19.2711949738 -18.9952576023
-25.2849101298 -25.7293735248
-30.8494522816 -29.7828960925
-32.1582885837 -31.1210712053
-37.7274475069 -37.267400463
-41.7384104602 -40.7839086912
-43.5777383464 -42.4466078474
-47.8183861662 -45.81342794
-50.0101312778 -47.7882209632
-51.9689448317 -49.7293973756
-0.817095096038 -0.680508781688
-2.65642298218 -2.3432079379
-8.22558190541 -8.48953719557
-13.7901172621 -12.5077203968
-19.3546526188 -16.5784550934
-21.595735512 -18.6414579087
-23.4350633982 -20.304157065
-27.675711218 -23.6709771575
-29.8674563296 -25.6457701808
-31.8262698835 -27.5869465932
-3.09660906813 -4.09275599954
-7.28928953107 -6.92250313562
-12.8538452729 -11.0267980287
-18.4183806296 -15.0268319114
-21.3720646669 -18.128512763
-22.9397841258 -19.9151308327
-24.7791120119 -26.6492467553
-26.6184398981 -30.6492806381
-30.8590877179 -34.6493145208
-34.750908016 -38.1434883589
-39.6044995605 -40.9713397598
-45.1690485074 -44.597161078
-50.7335974542 -48.2229823961
-56.2981464011 -52.4365903792
-57.8658658599 -54.2232084489
-59.7051937461 -55.8859076051
-62.5737992275 -58.7446645066
-0.817095096038 -0.680508781688
-6.38625401926 -6.82683803936
-9.49462792897 -10.8803606071
-11.3339558151 -14.3460965099
-13.9958194636 -17.4479033298
-16.3617046875 -20.5857449647
-18.5143966909 -25.7250665997
-24.1603870668 -29.743249801
-27.7346036126 -33.0447685004
-31.1172296087 -36.7732018186
-36.6822676779 -41.4881228685
-42.2468438045 -45.6407363389
-44.4879266977 -47.7037391542
-50.0570856209 -53.8500684119
-54.0680485742 -56.9652916635
-55.9073764604 -63.1116209211
-60.6218086323 -67.1298041224
-66.1864187325 -69.8458224931
-71.7509676793 -75.3561629841
-75.8318892212 -78.8391110158
-0.817095096038 -0.680508781688
-3.68570057745 -3.5392656832
-0.817095096038 -0.680508781688
-6.83081025208 -6.45911325923
-10.8946956068 -10.62732767
-15.0088427963 -13.7253387927
-20.5780017196 -15.3880379489
-26.1425370763 -22.1221538715
-30.3831848961 -26.1403370727
-33.8525905278 -29.070641541
-39.0190078234 -35.8047574635
-44.5835907448 -39.2704933663
-50.1482076396 -42.9948472086
-54.1591705929 -47.0130304099
-59.7237535143 -50.4959784416
-61.9154986259 -52.4707714648
-64.1072437375 -54.445564488
-67.5766493692 -57.3758689562
-69.4159772553 -59.0385681124
-71.2553051415 -60.7012672687
-73.0946330276 -67.4353831912
-74.9339609138 -71.435417074
-76.7732887999 -75.4536002752
-80.7501220287 -79.453634158
-83.7717076811 -82.3701170599
-88.9381249767 -87.6691484572
-94.5027078981 -91.1520964888
-96.461521452 -93.0932729013
-0.817095096038 -0.680508781688
-5.05774291586 -4.62961346202
-7.10373652348 -6.64568538977
-9.97234200489 -9.50444229128
-0.817095096038 -0.680508781688
-2.65642298218 -7.41462470426
-5.31828663067 -11.4328079055
-7.68417185455 -14.5706495404
-13.2498006275 -19.1221845105
-18.8143699593 -22.6051325422
-22.2652907763 -26.3372925047
-27.8298736977 -30.4249480787
-33.3944362345 -34.44313128
-37.3871171429 -37.9260793117
-39.2264450291 -39.5887784679
-42.0950505105 -42.4475353694
-0.817095096038 -0.680508781688
-7.41859691698 -6.82683803936
-12.9831526588 -10.8803606071
-18.5477355802 -14.8803944898
-24.1124000359 -17.9949674406
-0.817095096038 -0.680508781688
-7.41859691698 -7.41462470426
-11.4112778254 -10.8450212406
-15.278412137 -14.954468571
-20.8433075702 -19.0543533136
-26.4079584372 -23.3664938208
-31.9725141791 -27.4871556914
-37.5370495358 -31.4871895741
-40.1989131843 -34.5889963941
-42.3516051877 -36.7630449631
-45.0134688362 -39.864851783
-46.8183248443 -41.8514373957
-0.817095096038 -0.680508781688
-5.05774291586 -4.62961346202
-9.53734987888 -8.49151208027
-15.1020143345 -11.8173941247
-20.6666176401 -16.0009698207
-24.889062205 -20.1996743982
-27.1301450982 -24.8873458057
-31.6275127649 -28.9233547909
-35.9739122219 -33.2749222181
-41.538563089 -36.9992760604
-0.817095096038 -0.680508781688
-2.65642298218 -2.3432079379
-4.49575086833 -4.00590709412
-8.47258409711 -8.45764063101
-14.037336874 -12.8092080582
-19.6018722307 -16.2396045946
-22.6712922201 -20.2014754057
-27.5149361234 -23.6137226236
-31.8081315444 -26.5430097977
-33.6129875526 -28.5295954104
-0.817095096038 -0.680508781688
-7.41859691698 -2.3432079379
-12.9831322737 -7.46788594804
-18.5477967293 -10.7937679925
-22.70979994 -14.3895570235
-24.5301327817 -16.282319703
-28.3972670932 -20.3917670334
-30.6383499865 -25.0794384409
-36.6520651425 -29.0976216422
-42.2166072943 -32.2128448938
-45.686012926 -35.143149362
-47.5253408121 -40.7203639667
-51.765988632 -44.7563729519
-55.2353942636 -47.6866774201
-58.1039997451 -50.5454343217
-0.817095096038 -0.680508781688
-2.65642298218 -2.3432079379
-7.3708551541 -6.57588790873
-12.9354652543 -10.313557527
-0.817095096038 -0.680508781688
-2.65642298218 -2.3432079379
-4.49575086833 -4.00590709412
-6.33507875448 -5.66860625033
-8.17440664063 -7.33130540655
-10.0137345268 -8.99400456276
-11.8530624129 -10.656703719
-13.6923902991 -12.3194028752
-15.5317181852 -13.9821020314
-17.3710460714 -15.6448011876
-19.2103739575 -17.3075003438
-21.0497018437 -18.9701995001
-22.8890297298 -20.6328986563
-27.6034619017 -25.9319300535
-31.2381198017 -29.0202951291
-35.9525519736 -34.7988996067
-41.5171960463 -38.8865551808
-45.5461128032 -41.7504353232
-48.2079764517 -44.8522421431
-50.3606684551 -47.0262907121
-52.1999963412 -48.6889898683
-54.8618599897 -51.7907966883
-57.0145519931 -53.9648452573
-61.255199813 -57.3316653499
-63.2140133669 -59.2728417623
-0.817095096038 -4.94005385992
-7.41859691698 -8.94008774268
-12.9831322737 -12.370484279
-14.8224601598 -14.0331834352
-18.2050861559 -17.7616167534
-23.0586777004 -20.5894681543
-27.0875944573 -24.8030761374
-29.7494581058 -28.8565987051
-31.5543141139 -30.8431843178
-0.817095096038 -0.680508781688
-2.65642298218 -6.82683803936
-5.31828663067 -10.8628470246
-7.47097863409 -13.0368955936
-9.31030652024 -14.6995947498
-11.1496344064 -16.362293906
-17.7511362273 -21.2093401795
-21.8320577692 -23.7986068446
-23.6713856554 -25.4613060009
-26.3332493038 -28.5631128208
-30.4810417005 -32.0929965434
-34.0552582463 -36.3500266879
-38.7696904182 -40.3682098892
-43.0210387293 -44.4558654632
-45.2621216225 -49.1435368707
-50.9081119984 -53.1435707535
-55.0701152091 -56.7239984994
-60.6346845408 -60.8282933925
-62.439540549 -62.8148790052
-4.94243575863 -0.680508781688
-10.5069711153 -7.41462470426
-12.3462990015 -11.414658587
-17.0607311734 -17.1932630646
-22.6253752461 -21.2809186386
-28.1899106028 -24.711315175
-33.7544731396 -28.7989707491
-39.1321995289 -32.8171539503
-44.6967552708 -36.8353371516
-46.5170881124 -41.3527684232
-51.2315202844 -45.4062909909
-54.8661781843 -48.4946560665
-57.7347836657 -51.353412968
-0.817095096038 -0.680508781688
-2.65642298218 -2.3432079379
-8.22558190541 -7.92042254262
-13.7901240572 -11.9204564254
-19.3547885128 -15.6970414599
-24.9193918184 -19.8177033304
-26.7397246601 -23.7473479372
-32.7534398161 -27.7833569224
-36.782356573 -31.9969649055
-39.6509620545 -35.9969987882
-0.817095096038 -0.680508781688
-3.68570057745 -3.5392656832
-0.817095096038 -0.680508781688
-2.65642298218 -5.97954017897
-6.89707080201 -9.54436698441
-10.6347404203 -13.2368115047
-12.8636633726 -15.4502966029
-19.4651651936 -21.5966258606
-25.0297684992 -25.7802015565
-30.594324241 -29.7802354393
-36.1589886966 -34.1446071387
-41.3254059923 -38.1446410215
-46.8900704479 -41.2592139722
-0.817095096038 -0.680508781688
-6.83081025208 -6.82683803936
-12.3954611191 -10.5511918817
-17.9600644247 -14.6718537522
-4.94243575863 -4.94005385992
-8.93511666707 -8.94008774268
-11.9567023195 -11.8565706446
-13.7960302056 -17.1556020419
-19.3651891288 -21.2263367384
-24.9297244855 -22.8890358947
-26.7690523717 -24.5517350509
-31.2664200383 -28.852237618
-34.0033815829 -31.3167353962
-38.2440294028 -34.6835554888
-40.4357745143 -36.658348512
-42.3945880682 -38.5995249244
-0.817095096038 -0.680508781688
-2.65642298218 -2.3432079379
-9.25792480313 -7.19025421144
-14.8224941348 -10.8011721241
-16.3902135937 -12.5877901938
-20.709333029 -17.5640481988
-23.0798293276 -20.1829028211
-24.9191572137 -21.8456019773
-26.7584850999 -23.5083011336
-30.9991329197 -26.8751212261
-34.4685385514 -29.8054256944
-38.3356728629 -33.9148730248
-42.4225824467 -37.6470329873
-47.9871517784 -41.6830419725
-49.5548712373 -46.0346093997
-51.3941991234 -50.0346432824
-53.2335270095 -51.6973424386
-55.0728548957 -53.3600415948
-59.3135027155 -56.7268616874
-61.2723162694 -58.6680380998
-0.817095096038 -0.680508781688
-2.65642298218 -7.41462470426
-6.03904897826 -11.414658587
-11.6040870474 -15.5417929721
-17.1686224041 -19.5778019573
-20.6949829288 -23.7914099403
-22.5343108149 -27.7914438231
-24.3736387011 -29.4541429793
-30.3873538571 -35.6004722369
-32.7657770265 -39.9126127442
-34.6051049126 -43.9661353119
-39.448748816 -47.9661691946
-45.0134132717 -52.330540894
-50.5779554235 -55.7787632144
-56.1426198791 -60.3284206904
-58.5210430485 -63.416785766
-60.3603709346 -65.0794849222
-64.2275052462 -69.1889322526
-69.7924006794 -73.8766036601
-75.357065135 -78.4262611362
-80.9216956189 -82.7384016434
-84.0638565261 -85.8871850914
-89.7098469021 -91.1862164887
-93.2840634479 -94.4877351882
-98.8532223711 -101.221851111
-104.417784908 -105.257860096
-109.982449364 -109.622231795
-115.54698472 -113.640414997
-118.415590202 -116.499171898
-0.817095096038 -0.680508781688
-2.65642298218 -2.3432079379
-4.49575086833 -4.00590709412
-6.33507875448 -5.66860625033
-10.5757265743 -9.03542634292
-12.5345401282 -10.9766027553
-0.817095096038 -4.94005385992
-2.65642298218 -10.5122220527
-8.22558190541 -12.1749212089
-13.7901376473 -16.9075571313
-16.4738951558 -21.2719288307
-0.817095096038 -0.680508781688
-7.41859691698 -7.41462470426
-12.9831322737 -11.4506336895
-18.9968474297 -16.9609741804
-22.0385648165 -19.9207744447
-23.8778927027 -21.583473601
-26.7464981841 -24.4422305025
-0.817095096038 -0.680508781688
-5.53152726795 -4.91318875252
-8.09954882445 -7.62920712327
-13.4772752138 -12.7538851334
-19.0418581352 -16.8906504115
-20.609577594 -18.6772684812
-23.4781830755 -21.5360253828
-0.817095096038 -0.680508781688
-2.65642298218 -7.41462470426
-6.97554241745 -11.414658587
-8.28437871953 -12.7528336998
-14.8858805405 -14.415532856
-18.8785614489 -17.5173396759
-21.2444466728 -20.6551813108
-23.3971386762 -22.8292298798
-27.8945063429 -27.129732447
-31.0171303683 -31.4812998741
-35.2395749332 -34.7244930067
-0.817095096038 -0.680508781688
-2.65642298218 -2.3432079379
-4.49575086833 -9.07732386047
-6.33507875448 -13.0773577432
-8.17440664063 -17.0955409445
-12.4150544605 -21.0446456248
-14.4610480681 -23.0607175526
-18.7016958879 -27.0098222329
-20.7476894955 -29.0258941606
-22.5870173817 -34.6031087654
-24.4263452678 -38.6212919666
-28.8306225114 -43.7459699767
-30.3983419703 -45.5325880465
-32.2376698564 -47.1952872027
-38.8391716774 -53.3416164604
-44.403747804 -56.8414853695
-48.6969432249 -59.7707725437
-50.5017992331 -61.7573581564
-0.817095096038 -0.680508781688
-2.65642298218 -2.3432079379
-6.89707080201 -5.71002803049
-10.3664764337 -8.64033249872
-16.9679782546 -14.2175471034
-22.5325136113 -18.2357303047
-25.4390931795 -22.2539135059
-27.2784210656 -23.9166126622
-33.2921362217 -29.2156440594
-36.4986279873 -32.4127460848
-40.6913084503 -35.7693751469
-0.817095096038 -0.680508781688
-2.65642298218 -7.41462470426
-4.49575086833 -11.414658587
-10.5094660244 -15.4146924698
-14.0193517118 -19.4682150375
-15.8396845535 -23.9856463091
-20.5541167254 -27.9856801919
-24.7315761943 -31.3556250301
-26.551909036 -33.2483877096
-33.1534108569 -39.0269921871
-37.1823276138 -43.1476540577
-39.3350196172 -45.3217026266
-41.1743475034 -46.9844017829
-47.1880626594 -52.7630062604
-50.6641613493 -56.3434340063
-52.8168533527 -58.5174825753
-54.6561812388 -64.09469718
-58.8240697044 -68.0947310627
-64.3887409542 -72.3374956301
-69.9532763109 -76.3556788313
-73.4293750008 -79.9361065772
-75.5820670042 -82.1101551462
-78.2439306527 -85.2119619662
-80.0487866608 -87.1985475788
-0.817095096038 -0.680508781688
-2.65642298218 -2.3432079379
-4.49575086833 -4.00590709412
-6.33507875448 -5.66860625033
-10.6541981897 -9.90128622116
-14.8472142795 -14.0461830625
-0.817095096038 -0.680508781688
-3.68570057745 -3.5392656832
-0.817095096038 -0.680508781688
-2.65642298218 -2.3432079379
-7.15379064886 -6.64371050507
-9.89075219346 -9.10820828323
-14.1314000133 -13.0573129636
-18.6110069763 -16.9192115818
-19.9198432784 -18.2573866946
-24.6342754503 -23.1044329681
-27.6031804816 -26.8287868104
-28.9120167837 -28.1669619232
-33.6264489556 -33.0140081967
-37.8191294185 -36.3706372589
-0.817095096038 -0.680508781688
-2.65642298218 -2.3432079379
-4.49575086833 -4.00590709412
-6.33507875448 -5.66860625033
-10.5757265743 -9.03542634292
-14.045132206 -11.9657308111
-20.6466340269 -17.5429454159
-26.2111693836 -20.9733419522
-31.7758338393 -24.087914903
-0.817095096038 -0.680508781688
-3.68570057745 -3.5392656832
-0.817095096038 -0.680508781688
-2.65642298218 -2.3432079379
-8.67013813823 -7.85354842885
-12.1964986628 -12.0671564119
-14.035826549 -16.0671902947
-15.8751544351 -20.0672241774
-18.5370180836 -24.0672580602
-20.689710087 -26.2413066291
-25.0088295223 -30.4739866
-26.3176658244 -31.8121617127
-28.1569937105 -33.474860869
-33.5347200999 -38.5995388791
-39.0993030213 -42.7363041572
-41.8866630608 -45.0469646642
-0.817095096038 -0.680508781688
-2.65642298218 -2.3432079379
-7.50006688558 -7.07584386026
-13.0647313412 -10.2164401281
-17.9083752446 -14.9490760504
-23.4730397003 -19.3134477499
-27.7385325187 -23.4970234458
-31.8194540606 -26.6458068939
-35.6865883721 -30.7552542243
-39.7734979558 -34.2191502002
-43.8711703081 -37.4162522255
-45.7104981943 -39.0789513817
-50.0296176295 -44.0552093867
-52.4001139282 -46.674064009
-55.2687194096 -49.5328209105
-0.817095096038 -0.680508781688
-2.65642298218 -2.3432079379
-4.49575086833 -4.00590709412
-6.33507875448 -5.66860625033
-11.7128051438 -11.814935508
-17.2773608857 -15.8331187093
-22.8418962423 -19.8513019105
-27.6855401457 -24.5839378329
-33.2502046014 -28.9483095323
-38.8147399581 -32.9483434151
-41.6833454395 -35.8071003166
-0.817095096038 -4.94005385992
-3.47895874452 -8.35230107777
-5.63165074794 -10.5263496468
-11.645365904 -15.3733959203
-17.2099216458 -19.5260093906
-18.7776411047 -21.3126274604
-21.6462465861 -24.1713843619
-0.817095096038 -0.680508781688
-2.65642298218 -2.3432079379
-8.22558190541 -8.48953719557
-13.7901444422 -12.5430597633
-15.6104772839 -14.4358224428
-21.1796362071 -16.098521599
-26.7441715638 -19.4653416916
-30.2135771955 -22.3956461598
-36.2272923515 -28.1742506374
-41.7918480934 -32.2949125079
-44.162344392 -34.9137671302
-48.8767765639 -39.7608134037
-52.481670362 -42.6378693857
-56.8007897972 -46.8705493565
-58.1096260993 -48.2087244693
-59.9489539855 -49.8714236255
-61.7882818716 -51.5341227817
-64.656887353 -54.3928796832
-0.817095096038 -0.680508781688
-7.41859691698 -7.41462470426
-12.9831322737 -11.4328079055
-16.720801892 -15.3365615195
-20.9432464568 -18.9323505505
-24.6068081029 -23.0200061246
-31.2083099239 -29.7541220472
-36.7728724607 -33.2023443675
-42.3374078174 -37.2205275687
-47.1810517208 -41.23871077
-51.4742471418 -44.1679979441
-53.8401323656 -47.305839579
-57.9879247623 -50.8357233016
-61.5621413081 -55.0927534461
-68.163643129 -59.1287624313
-73.7282056658 -62.5769847516
-79.2927410225 -66.5951679529
-0.817095096038 -0.680508781688
-6.83081025208 -5.80518679183
-12.3953524039 -9.87592148841
-0.817095096038 -0.680508781688
-2.65642298218 -2.3432079379
-8.67013813823 -7.85354842885
-12.1964986628 -10.1800867629
-14.035826549 -11.8427859191
-15.8751544351 -13.5054850753
-17.7144823213 -15.1681842315
-23.7281974773 -20.4672156288
-26.934689243 -23.6643176541
-31.1273697059 -27.9764581613
-32.9477025476 -29.8692208408
-37.1883503674 -33.8183255212
-41.6679573305 -38.2680108043
-47.2325266622 -42.3387455009
-51.9072229108 -45.5913323831
-55.9361396677 -48.7065556347
-58.0888316711 -50.8806042037
-59.9281595573 -52.5433033599
-65.4973184805 -57.8423347572
-69.5262352374 -61.4381237882
-71.3655631235 -63.1008229444
-74.234168605 -65.9595798459
-0.817095096038 -0.680508781688
-2.65642298218 -2.3432079379
-4.49575086833 -8.48953719557
-7.15761451682 -12.4895710783
-9.31030652024 -14.6636196473
-14.0247386921 -19.9626510446
-17.6593965921 -24.2747915518
-20.3212602406 -27.6870387697
-24.4690526372 -31.2169224923
-28.043269183 -34.5184411917
-32.8968607275 -39.2333622417
-36.0390216348 -43.2868848094
-38.7008852833 -46.6991320272
-40.8535772867 -51.8384536623
-42.6929051729 -55.8384875451
-45.5615106543 -58.6972444466
-0.817095096038 -0.680508781688
-2.65642298218 -2.3432079379
-4.49575086833 -4.00590709412
-6.33507875448 -5.66860625033
-10.5757265743 -9.61771093067
-15.0553335373 -13.4796095489
-20.619997993 -17.4414803601
-24.6126789014 -21.4774893453
-31.2141807223 -25.477523228
-36.7787228741 -29.4266279084
-38.8247164818 -33.8763131915
-43.2289937254 -37.9298357592
-46.2565666048 -42.0174913333
-50.4495826945 -43.3556664461
-54.4422636029 -49.1342709236
-60.0068329347 -53.2050056202
-0.817095096038 -0.680508781688
-6.83081025208 -5.52755505523
-10.8773641505 -9.09238186067
-0.817095096038 -0.680508781688
-2.65642298218 -2.3432079379
-5.31828663067 -5.44501475785
-7.47097863409 -9.62882494788
-9.31030652024 -13.6995596445
-13.1774408318 -17.7177428457
-15.418523725 -19.7807456611
-20.2621676284 -24.5133815834
-25.826832084 -28.2899666179
-31.3914353896 -32.4425800883
-36.175216553 -37.5819017234
-41.7398470369 -41.7654774193
-47.3043823936 -45.7836606206
-50.463018138 -49.2835295297
-55.1377143867 -52.5361164119
-59.1666311436 -55.6513396635
-64.7322599166 -60.7906612986
-70.2968088634 -64.9113231691
-73.7379389554 -68.4441983747
-0.817095096038 -0.680508781688
-7.41859691698 -6.45911325923
-12.9831458638 -10.5797751298
-17.0640674057 -13.1690417949
-21.3047152255 -17.1181464752
-23.3507088332 -19.134218403
-27.591356653 -23.0833230833
-29.6373502606 -25.099395011
-35.0150766499 -29.6362863563
-38.1404867468 -31.7377068047
-42.459606182 -35.9703867755
-43.7684424841 -37.3085618883
-48.009090304 -40.6753819809
-49.9679038578 -42.6165583933
-0.817095096038 -0.680508781688
-2.65642298218 -2.3432079379
-8.22558190541 -7.92042254262
-12.2544986623 -11.3326697605
-14.074831504 -13.22543244
-15.9141593901 -14.8881315962
-18.5760230386 -17.9899384161
-20.3808790468 -19.9765240288
-0.817095096038 -0.680508781688
-6.83081025208 -6.45911325923
-12.3953659939 -9.99198846487
-16.5095131834 -13.0899995875
-22.0786721067 -19.2363288452
-27.6432142585 -23.2545120465
-33.2081096917 -26.9866720089
-37.2370264486 -31.1702477049
-39.8988900971 -35.2237702726
-45.4645188701 -40.3630919077
-51.0290610218 -44.3812751089
-53.6431794031 -48.0217809787
-57.8361954928 -52.754464485
-63.4007308495 -56.7544983678
-0.817095096038 -0.680508781688
-2.65642298218 -6.2577233864
-4.49575086833 -9.66997060425
-11.0972526893 -11.3326697605
-15.0899335977 -12.9953689167
-21.1036487538 -18.7739733942
-26.6682044956 -22.3068485999
-30.7823516851 -25.4048597225
-35.2797193518 -29.7053622897
-39.6261188088 -33.469143052
-44.0711202427 -37.9865743237
-49.6356691895 -41.9866082064
-0.817095096038 -0.680508781688
-6.83081025208 -7.41462470426
-9.88626176034 -9.74442236078
-13.0116718572 -11.8458428092
-14.8509997433 -13.5085419654
-21.4525015643 -19.2871464429
-25.4814183212 -22.116893579
-27.3207462073 -23.7795927352
-31.5613940272 -27.7286974156
-37.1261603913 -32.1783826987
-39.9313017165 -35.5906299166
-42.593165365 -38.6924367365
-48.158794138 -43.8317583716
-51.2142456463 -46.1615560281
-54.3396557431 -48.2629764765
-56.1789836293 -49.9256756327
-58.0183115154 -51.5883747889
-62.2589593352 -54.9551948815
-64.2177728891 -56.8963712939
-0.817095096038 -0.680508781688
-2.65642298218 -6.45911325923
-7.82284027784 -9.53961079941
-10.8922602672 -12.2021986264
-15.132908087 -15.569018719
-18.6023137187 -18.4993231873
-22.4694480302 -22.6087705177
-26.1886328338 -26.7086552603
-27.4974691359 -28.046830373
-33.0666280591 -34.1931596307
-38.6311905959 -38.211342832
-42.6238715044 -41.1401808707
-46.8645193242 -44.5070009633
-52.4294283427 -48.6790185638
-57.9940927983 -52.0049006082
-61.200584564 -56.1884763042
-66.1926484725 -60.1885101869
-68.0129813142 -62.0812728665
-74.6144831351 -67.859877344
-80.179032082 -71.9805392145
-85.7435946188 -75.9987224158
-91.3081299755 -80.0522449835
-94.3297156279 -84.4038124107
-99.1733595312 -88.4038462934
-104.738023987 -91.5444425613
-106.577351873 -93.2071417175
-110.817999693 -96.5739618101
-113.009744804 -98.5487548333
-114.968558358 -100.489931246
-0.817095096038 -0.680508781688
-3.47895874452 -3.78231560163
-5.63165074794 -5.95636417062
-8.29351439642 -9.05817099057
-10.4462063998 -11.2322195596
-15.1606385718 -16.5312509568
-18.7952964717 -19.6196160324
-20.6346243579 -21.2823151886
-27.2361261788 -27.4286444463
-32.8007294844 -31.6122201423
-36.8472833828 -35.7328820128
-38.1561196849 -37.0710571256
-41.0247251663 -39.9298140271
-0.817095096038 -0.680508781688
-4.79392832482 -5.13224231858
-8.02682307087 -8.26003431415
-13.5924518439 -12.8115692843
-19.1570211756 -16.294517316
-22.6079419926 -20.3944020586
-26.6368587495 -23.4570738148
-27.9456950516 -24.7952489276
-30.6075587001 -27.8970557475
-32.4124147082 -29.8836413602
-0.817095096038 -0.680508781688
-2.65642298218 -2.3432079379
-6.97554241745 -6.57588790873
-12.5405193594 -11.308571415
-18.1050547161 -15.3267546163
-21.5461848081 -17.9793256651
-26.26061698 -22.2120056359
-29.2143010173 -25.3136864875
-30.7820204762 -27.1003045572
-37.3835222972 -31.9473508307
-42.9480916289 -35.5582687434
-47.1411077186 -40.2909522497
-52.7056430753 -44.2909861324
-54.2733625342 -46.0776042021
-56.1126904203 -47.7403033583
-57.9520183065 -49.4030025146
-63.3297446958 -54.5276805247
-68.8943276172 -58.6644458028
-71.4639281458 -63.01601323
-0.817095096038 -0.680508781688
-2.65642298218 -2.3432079379
-8.22558190541 -8.48953719557
-11.3339558151 -12.5430597633
-13.1732837013 -16.0087956661
-17.4139315211 -19.3756157587
-20.8833371528 -22.3059202269
-26.8970523088 -28.0845247044
-30.9436062072 -32.205186575
-36.9573213633 -37.7155270659
-39.99903875 -41.8991027619
-46.0127539061 -45.8991366446
-50.2782467245 -50.2112771518
-55.8428092613 -53.6594994721
-60.3224162243 -57.5213980904
-61.6312525264 -62.2540815967
-63.4705804126 -66.2541154794
-69.1165707885 -72.032719957
-74.6811197353 -76.0862425247
-76.5204476215 -80.1222515099
-79.18231127 -84.1222853926
-81.3350032734 -86.2963339616
-83.1743311595 -91.8735485663
-89.1880463156 -95.8735824491
-94.7526020574 -99.9942443196
-97.8220220468 -104.543901796
-103.835737203 -108.562084997
-109.400340508 -112.126911802
-114.964875865 -116.145095004
-116.923689419 -118.086271416
-0.817095096038 -0.680508781688
-2.65642298218 -2.3432079379
-7.82284027784 -7.46788594804
-12.1160356988 -11.4297567592
-15.5854413305 -14.3600612274
-19.9897185741 -20.138665705
-22.3539972361 -23.6385346141
-24.1933251223 -27.6920571818
-29.7624840455 -31.7455797495
-33.8434055874 -34.8943631976
-36.5052692359 -37.9961700175
-38.6579612393 -40.1702185865
-40.4972891254 -41.8329177427
-47.0987909464 -47.9792470004
-50.305282712 -51.5750360315
-54.2821159408 -56.0267695684
-57.3037015932 -58.9432524703
-60.1723070746 -61.8020093718
-0.817095096038 -0.680508781688
-5.66073899943 -5.41314470405
-11.2254034551 -9.77751640348
-16.7901494383 -14.2949476752
-22.3546983851 -18.4156095457
-25.8241040168 -21.3459140139
-32.4256058378 -26.9231286186
-37.9901411945 -30.9413118199
-43.5547445001 -35.1248875159
-44.8635808021 -39.8575710221
-51.4650826231 -43.8576049049
-54.5734565328 -47.8757881062
-59.5655204413 -53.1748195034
-63.4227352102 -56.4684753435
-67.486620565 -59.6811783093
-71.7272683848 -63.0479984018
-73.9190134964 -65.022791425
-75.8778270503 -66.9639678374
-0.817095096038 -0.680508781688
-2.65642298218 -2.3432079379
-4.49575086833 -7.92042254262
-10.5094660244 -11.9739451103
-14.5733513791 -16.1421595211
-19.4169952825 -20.1421934039
-23.7101907035 -23.9187784384
-26.497550743 -26.2294389454
-0.817095096038 -0.680508781688
-6.46308547196 -5.97954017897
-10.6250886827 -10.2365703235
-16.1897531383 -14.7862277995
-21.754288495 -18.8044110008
-24.9129242395 -22.30427991
-27.1540071327 -24.3672827253
-28.9933350189 -26.0299818815
-30.832662905 -27.6926810377
-33.4945265535 -30.7944878577
-35.8604117774 -33.9323294925
-37.6652677855 -35.9189151052
-0.817095096038 -0.680508781688
-3.68570057745 -3.5392656832
-0.817095096038 -0.680508781688
-3.68570057745 -3.5392656832
-0.817095096038 -0.680508781688
-2.65642298218 -2.3432079379
-4.49575086833 -4.00590709412
-7.15761451682 -7.10771391406
-9.31030652024 -9.28176248305
-14.8794654435 -14.8589770878
-20.4440008002 -18.8590109705
-26.008563337 -22.8950199557
-29.0640148452 -25.2248176122
-32.1894249421 -27.3262380606
-38.2031400981 -33.4725673183
-43.76769584 -36.6213507664
-49.1454222293 -41.1582421116
-52.2708323262 -45.4568871373
-54.1101602123 -48.9051094576
-56.7720238608 -52.0069162776
-58.9247158642 -54.1809648466
-60.7640437504 -55.8436640028
-62.6033716365 -57.506363159
-68.2493620124 -62.8053945563
-71.8235785582 -66.1069132558
-73.6629064444 -67.769612412
-78.067183688 -72.8942904221
-79.6349031468 -77.2458578493
-81.474231033 -80.6940801696
-83.3135589191 -82.3567793258
-89.9150607401 -88.5031085835
-93.9077416485 -91.5657803397
-98.3120188921 -97.3443848173
-100.676297554 -100.20826496
-104.995416989 -105.184522965
-109.367393288 -108.457304054
-0.817095096038 -0.680508781688
-2.65642298218 -2.3432079379
-6.82431144773 -6.7949414748
-9.37321768035 -9.4282681297
-12.0350813288 -12.5300749496
-13.839937337 -14.5166605623
-0.817095096038 -0.680508781688
-2.65642298218 -2.3432079379
-7.82284027784 -7.46788594804
-12.1160356988 -12.0175434241
-14.8529972434 -14.6112529337
-16.1618335455 -15.9494280465
-18.0011614316 -17.6121272027
-22.2418092515 -20.9789472953
-25.7112148831 -23.9092517635
-27.5505427693 -29.4864663683
-32.3941866727 -33.486500251
-36.6873820937 -36.4157874252
-38.8400740971 -38.5898359941
-43.8321380056 -43.8888673914
-45.6524708473 -47.8185119982
-52.2539726682 -51.8545209834
-55.6951027602 -55.387396189
-0.817095096038 -0.680508781688
-2.65642298218 -6.82683803936
-9.25792480313 -10.8268719221
-12.4000857104 -13.9756553702
-14.2394135966 -20.1219846278
-18.2162468253 -23.5342318457
-21.2378324777 -26.4507147476
-25.2146657065 -30.9024482845
-28.4475604526 -34.03024028
-34.0131892255 -39.1695619151
-39.5777245822 -43.1877451163
-41.4170524684 -46.3029683679
-43.2563803545 -50.3564909356
-49.8578821755 -53.7687381535
-55.4224175322 -57.135558246
-57.6141626438 -59.1103512692
-59.8059077553 -61.0851442924
-61.9976528669 -63.0599373157
-63.9564664208 -65.0011137281
-0.817095096038 -0.680508781688
-3.68570057745 -3.5392656832
-0.817095096038 -0.680508781688
-2.65642298218 -2.3432079379
-4.49575086833 -4.00590709412
-6.33507875448 -5.66860625033
-8.17440664063 -7.33130540655
-10.8362702891 -10.4331122265
-12.9889622925 -12.6071607955
-15.8575677739 -15.465917697
-0.817095096038 -4.94005385992
-5.13621453131 -8.94008774268
-6.44505083339 -10.2782628555
-10.6129392989 -14.7299963923
-14.9197034491 -18.9727609597
-18.948620206 -21.8025080958
-20.7879480922 -27.9488373534
-25.028595912 -31.9488712362
-30.5935049304 -37.0764002818
-36.1580742622 -41.094583483
-41.7227387178 -44.8711685175
-45.8847419285 -49.0237819879
-0.817095096038 -0.680508781688
-2.65642298218 -2.3432079379
-8.22558190541 -9.07732386047
-13.7901308523 -13.1133328457
-19.354666209 -17.265946316
-22.795796301 -20.3286180723
-26.8827058847 -23.7925140481
-32.4472820113 -27.9451275185
-35.5167020006 -30.6077153455
-40.8944283899 -35.7323933556
-46.4590113113 -39.8691586338
-49.1208749598 -42.9496561739
-51.4867601837 -46.0874978088
-53.6394521871 -48.2615463778
-59.2086111104 -53.560577775
-64.7731600572 -57.1563668061
-68.8020768141 -60.0202469485
-74.3712357373 -66.1665762062
-79.935771094 -70.1847594075
-0.817095096038 -0.680508781688
-2.65642298218 -7.41462470426
-4.49575086833 -11.414658587
-9.21018304024 -15.6473385578
-11.7782045967 -18.3633569286
-13.6175324829 -25.0974728512
-16.4861379643 -29.0975067339
-0.817095096038 -0.680508781688
-6.38625401926 -6.82683803936
-11.950789376 -10.2572345757
-14.1034813794 -12.4312831447
-17.9706156909 -16.5407304751
-20.2116985841 -18.6037332904
-24.7090662508 -22.9042358576
-30.2737578831 -27.2558032848
-34.30267464 -30.3710265364
-36.4553666434 -32.5450751053
-40.6960144632 -35.9118951979
-42.6548280171 -37.8530716103
-0.817095096038 -0.680508781688
-5.13621453131 -4.91318875252
-10.7011914733 -9.64587225881
-14.1423215653 -13.7335278329
-18.8567537372 -17.7335617156
-24.421370632 -22.0457022228
-29.9859127838 -26.1164369194
-35.5504481405 -29.5468334558
-39.5614110938 -31.209532612
-41.4007389799 -32.8722317682
-43.2400668661 -34.5349309244
-49.841568687 -39.381977198
-55.4061380187 -43.5806817755
-59.6285825836 -46.823874908
-0.817095096038 -0.680508781688
-2.65642298218 -6.2577233864
-4.49575086833 -10.2759065877
-10.5094660244 -14.2759404704
-16.0741168914 -18.5880809776
-19.2162777987 -21.7368644257
-24.3826950944 -27.0358958229
-29.9472780158 -31.1066305195
-35.5118201676 -35.1066644023
-41.0763691144 -38.7024534333
-42.8967019561 -43.219884705
-44.7360298422 -47.2199185878
-47.3978934907 -51.2199524705
-49.5505854941 -53.3940010395
-54.9283118835 -60.1281169621
-58.9748657819 -64.1463001633
-0.817095096038 -0.680508781688
-6.38625401926 -5.97954017897
-11.9508029661 -10.1631158749
-14.2906174009 -12.7815539173
-18.9653136495 -16.0341407995
-24.5298625964 -20.1048754961
-27.5514482487 -24.4564429233
-29.3907761349 -28.4924519085
-35.9922779558 -32.5631866051
-41.5568608772 -36.5632204879
-47.1215117443 -40.8753609951
-51.578181922 -44.2714169772
-57.1427852276 -48.5284471217
-60.4097183474 -52.7120228177
-62.2490462335 -58.2841910105
-64.0883741197 -63.8614056152
-68.8028062916 -67.8795888164
-71.3708278481 -70.5956071872
-76.08526002 -74.828287158
-79.0389440573 -77.9299680096
-80.6066635162 -79.7165860793
-86.1758224394 -85.862915337
-89.2841963491 -89.8810985382
-91.5131193014 -94.0082329233
-93.3524471876 -97.4204801411
-96.221052669 -100.832727359
-0.817095096038 -4.94005385992
-7.41859691698 -8.94008774268
-10.8234911605 -12.0027594989
-12.9761831639 -14.1768080679
-18.98989832 -19.0238543414
-23.0364522184 -21.9526923802
-29.0501673744 -28.6868083027
-33.0790841313 -32.9004162858
-34.9184120175 -36.3308128221
-37.7870174989 -39.1895697236
-0.817095096038 -0.680508781688
-2.65642298218 -2.3432079379
-8.67013813823 -7.46788594804
-12.6811010915 -11.5386206446
-16.6579343203 -15.9903541815
-19.6795199727 -20.3419216087
-23.5466542842 -24.4945350791
-25.7877371774 -26.5575378944
-30.2851048441 -30.8580404616
-33.0220663887 -33.3225382397
-37.341185824 -37.5552182105
-38.6500221261 -42.2879017168
-40.4893500122 -46.2879355996
-46.5030651682 -51.1349818731
-50.5496190666 -54.6998086786
-0.817095096038 -0.680508781688
-2.65642298218 -2.3432079379
-9.25792480313 -8.48953719557
-14.8225281087 -12.0853262266
-20.3870634654 -17.8639307042
-24.4159802223 -21.9174532719
-26.4619738299 -23.9335251996
-28.3013017161 -25.5962243558
-33.947292092 -30.8952557531
-39.5118953976 -35.0634701639
-42.53348105 -37.9799530658
-47.5255449585 -43.2789844631
-51.3827597274 -46.5726403031
-56.9473222642 -50.7408547139
-0.817095096038 -0.680508781688
-2.65642298218 -2.3432079379
-5.5250284636 -5.20196483942
-0.817095096038 -4.94005385992
-3.47895874452 -8.35230107777
-5.63165074794 -10.5263496468
-11.645365904 -15.3733959203
-17.2099216458 -19.5260093906
-21.2026025543 -23.678622861
-26.7671582961 -27.1615708927
-29.8088756829 -30.121371157
-31.6482035691 -31.7840703132
-34.5168090505 -34.6428272147
-0.817095096038 -0.680508781688
-2.65642298218 -2.3432079379
-7.3708551541 -8.12181241545
-11.0344168002 -12.2094679895
-15.2750646201 -16.2276511908
-19.9682456834 -21.3551802363
-25.532848989 -25.6122103808
-31.0973979358 -29.6122442636
-33.2500899392 -34.7515658986
-39.2638050953 -38.7515997814
-43.2927218522 -42.7516336642
-0.817095096038 -0.680508781688
-6.38625401926 -6.82683803936
-11.9507961711 -10.8450212406
-17.5153655028 -14.4559391533
-23.0801386604 -17.8519951354
-26.5212687524 -20.5045661842
-28.3605966385 -27.2386821068
-34.3743117946 -31.2387159895
-38.420865693 -34.1675540282
-42.2880000045 -38.2770013587
-46.3749095882 -42.0091613211
-50.4558311301 -46.0451703063
-52.2951590163 -52.7792862289
-56.5358068361 -56.7793201117
-58.5818004437 -58.7953920394
-60.4211283298 -60.4580911956
-62.260456216 -62.1207903518
-65.1290616974 -64.9795472534
-0.817095096038 -0.680508781688
-7.41859691698 -7.41462470426
-12.9831322737 -11.5672381746
-18.5477355793 -15.7508138706
-24.112304911 -19.8551087636
-28.1232678643 -23.8551426464
-34.1369830203 -27.8551765291
-39.7016338874 -32.1673170363
-42.072130186 -34.7861716586
-46.4764074296 -39.9108496688
-48.0441268885 -44.262417096
-52.2847747083 -48.2624509787
-54.4765198199 -50.2372440019
-56.4353333738 -52.1784204143
-0.817095096038 -0.680508781688
-2.65642298218 -7.41462470426
-8.22558190541 -11.4853594008
-13.7901308523 -15.6689350968
-15.9428228557 -17.8429836658
-21.9565380117 -23.4201982705
-27.5211345226 -26.5182093932
-33.0856698793 -32.6645386508
-36.0238976584 -36.2603276819
-41.5887930916 -40.3602124245
-47.1533284483 -44.3783956257
-52.7178706001 -48.4144046109
-58.2824331369 -51.8626269313
-60.3284267445 -53.878698859
-64.6475461798 -58.1113788298
-65.9563824819 -59.4495539426
-68.6182461304 -62.5513607626
-70.7709381338 -64.7254093315
-72.6102660199 -66.3881084878
-74.4495939061 -71.9653230925
-78.6902417259 -75.9835062937
-82.1596473576 -78.913810762
-88.1733625136 -84.6924152395
-92.219916412 -88.81307711
-96.5390358473 -92.8490860953
-97.8478721494 -94.187261208
-100.509735798 -97.289068028
-102.662427801 -99.463116597
-108.676142957 -105.609445855
-114.240678314 -109.680180551
-115.549514616 -111.018355664
-118.418120097 -113.877112566
-0.817095096038 -0.680508781688
-2.65642298218 -2.3432079379
-4.49575086833 -8.48953719557
-6.33507875448 -12.4895710783
-8.17440664063 -14.1522702345
-10.0137345268 -15.8149693908
-11.8530624129 -17.477668547
-13.6923902991 -19.1403677032
-15.5317181852 -20.8030668594
-17.3710460714 -22.4657660156
-19.2103739575 -28.6120952733
-23.9248061294 -32.612129156
-27.1917392492 -35.9687582182
-30.6611448809 -38.8990626864
-33.3230085294 -42.0008695064
-35.1278645376 -43.9874551191
-0.817095096038 -0.680508781688
-2.65642298218 -2.3432079379
-4.49575086833 -4.00590709412
-11.0972526893 -10.1522363518
-16.6618084311 -14.2057589195
-22.226364173 -17.6887069512
-27.7910286286 -22.2383644272
-33.3555707804 -26.2565476285
-37.5780153453 -30.5686881357
-40.3653753848 -32.8793486427
-0.817095096038 -0.680508781688
-6.38625401926 -6.82683803936
-11.950789376 -10.8803606071
-17.5155625336 -15.2319280342
-23.0801114804 -19.3525899048
-24.9194393666 -23.3526237875
-26.7587672527 -27.4061463552
-31.077886688 -31.406180238
-33.4483829866 -34.0250348603
-37.3155172981 -38.1344821907
-41.0347021017 -42.2343669333
-42.3435384038 -43.5725420461
-44.18286629 -45.2352412023
-46.0221941761 -46.8979403585
-52.0359093321 -52.676544836
-56.0468722854 -56.1594928677
-0.817095096038 -0.680508781688
-2.65642298218 -2.3432079379
-8.67013813823 -9.07732386047
-12.1112682302 -12.7031451786
-16.30428432 -17.4358286849
-21.8688196767 -21.4358625677
-24.938239666 -24.0984503947
-26.7775675521 -25.7611495509
-28.6168954383 -27.4238487071
-31.2787590868 -30.5256555271
-33.0836150949 -32.5122411398
