-0.817095096038 -0.680508781688
-7.41859691698 -7.41462470426
-10.8234911605 -10.4772964605
-12.9761831639 -12.6513450295
-18.98989832 -17.498391303
-23.0364522184 -21.0632181085
-3.9207845111 -0.680508781688
-7.98466986583 -2.3432079379
-11.4078461542 -8.48953719557
-13.7862693236 -11.5779022712
-20.3877711445 -17.7242315288
-24.4166879014 -23.2963997216
-26.2560157876 -27.2964336044
-28.0953436737 -28.9591327606
-34.6968454947 -35.1054620183
-38.6895264031 -38.1681337745
-43.5331703065 -42.9007696968
-47.8263657275 -48.4730923561
-52.2830359052 -52.2368731184
-56.7626428682 -54.2529450461
-60.7553237766 -55.9156442023
-64.7842405335 -62.06197346
-68.8481258883 -67.6341480894
-70.6684587299 -69.5269107689
-72.5077866161 -71.1896099251
-78.153776992 -72.8523090813
-82.2514493443 -74.5150082375
-86.2441302528 -77.6168150575
-88.3968222562 -79.7908636265
-92.637470076 -83.157683719
-94.5962836299 -85.0988601315
-0.817095096038 -0.680508781688
-2.65642298218 -2.3432079379
-4.49575086833 -4.00590709412
-11.0972526893 -5.66860625033
-15.0899335977 -7.33130540655
-19.100896551 -11.6318079737
-21.8378580956 -14.2255174834
-23.1466943977 -15.5636925961
-25.8085580462 -18.6654994161
-27.9612500496 -20.8395479851
-31.8283843611 -24.9489953155
-34.0694672543 -27.0119981308
-35.9087951405 -28.674697287
-37.7481230266 -30.3373964432
-39.5874509128 -32.0000955995
-45.6011660688 -38.734211522
-49.1275265934 -44.3064118973
-52.3340183591 -47.5035139226
-56.5266988221 -50.8601429848
-4.30644699191 -4.5723290798
-8.33536374881 -8.00272561615
-12.3280446573 -9.66542477237
-15.7512209456 -16.3995406949
-17.5905488318 -21.9717088877
-21.8311966516 -25.9208135681
-26.3108036146 -31.4931812755
-30.4084759669 -37.0653687779
-34.4723613217 -42.6375562803
-37.0403828782 -45.3535746511
-39.9089883596 -48.2123315526
-0.817095096038 -0.680508781688
-3.68570057745 -3.5392656832
-0.817095096038 -0.680508781688
-5.53152726795 -6.45911325923
-9.78287557898 -12.0313136345
-14.5636783336 -13.3694887473
-18.5563592421 -15.0321879035
-21.4249647235 -17.890944805
-0.817095096038 -0.680508781688
-5.80915900455 -5.97954017897
-9.66637377348 -7.87230285849
-13.071268017 -10.73105976
-0.817095096038 -0.680508781688
-6.19482148536 -2.3432079379
-10.2237382423 -7.92042254262
-14.2526549992 -13.4925907354
-18.333576541 -19.0647846743
-22.4312488934 -24.641999279
-26.5121704353 -30.2141803449
-29.9815760669 -33.1444848131
-32.6434397154 -36.2462916331
-35.0093249393 -39.3841332679
-37.1620169427 -41.5581818369
-42.1540808512 -46.8572132342
-43.9744136929 -48.7499759137
-46.8430191743 -51.6087328152
-0.817095096038 -0.680508781688
-2.65642298218 -2.3432079379
-8.67013813823 -8.48953719557
-12.800493138 -12.5077203968
-16.8470470364 -18.6540496545
-21.0090502471 -24.2262886474
-23.6928077556 -28.5906603468
-0.817095096038 -0.680508781688
-2.65642298218 -2.3432079379
-8.03414937151 -7.19025421144
-11.6688072715 -10.433447344
-16.3832394434 -15.7324787412
-19.1705994829 -18.0431392482
-0.817095096038 -0.680508781688
-7.41859691698 -2.3432079379
-11.4112778254 -7.31946594292
-13.781774124 -9.93832056522
-15.6211020102 -11.6010197214
-19.597935239 -16.0527532583
-24.0546054166 -21.6250694819
-27.477781705 -25.0908053847
-30.3463871864 -27.9495622862
-0.817095096038 -0.680508781688
-6.83081025208 -6.19084927264
-10.3571707767 -8.51738760665
-14.7614480203 -13.6420656168
-16.3291674792 -15.4286836865
-19.1977729606 -18.287440588
-0.817095096038 -0.680508781688
-2.65642298218 -2.3432079379
-4.49575086833 -4.00590709412
-6.33507875448 -5.66860625033
-10.202213066 -9.77805358074
-13.653133883 -13.8779383233
-17.094263975 -19.4501129527
-21.387459396 -22.3794001269
-23.5401513994 -24.5534486958
-25.3794792856 -26.2161478521
-30.9486382088 -31.7933624568
-34.9596011621 -37.3655306496
-36.2684374641 -38.7037057623
-38.1077653503 -40.3664049186
-44.1214805063 -47.1005208411
-47.6956970521 -49.99740728
-50.3575607006 -53.0992141
-52.7234459245 -56.2370557348
-55.0893311484 -59.3748973697
-57.4552163722 -62.5127390045
-59.8211015961 -65.6505806394
-61.6259576043 -67.6371662521
-0.817095096038 -0.680508781688
-2.65642298218 -2.3432079379
-7.50006688558 -7.07584386026
-10.1838243941 -11.4402155597
-0.817095096038 -0.680508781688
-4.19972109211 -4.40894209985
-6.42864404444 -6.62242719806
-13.0301458654 -13.3565431206
-17.0228267738 -18.92871775
-21.2158428636 -23.0736145914
-0.817095096038 -0.680508781688
-2.65642298218 -2.3432079379
-9.25792480313 -4.00590709412
-13.28684156 -5.66860625033
-18.8560004833 -12.4027221729
-22.3320991731 -17.9749032388
-25.7830199901 -22.0747879814
-29.2241500821 -27.6469626108
-33.5173455031 -33.21928527
-37.0104803801 -38.791530699
-41.303675801 -42.7534015102
-43.4954209126 -44.7281945334
-46.9648265443 -47.6584990016
-52.5339854675 -49.3211981578
-56.6316578198 -54.445876168
-60.3370665759 -60.0183017916
-62.3830601835 -62.0343737193
-68.9845620044 -67.8129781968
-73.0311159028 -71.8665007645
-77.1931191135 -75.9871626351
-78.5019554156 -77.3253377479
-83.2163875875 -82.6243691451
-86.4833207073 -85.9809982073
-88.4421342612 -87.9221746197
-0.817095096038 -0.680508781688
-2.65642298218 -2.3432079379
-4.49575086833 -4.00590709412
-10.5094660244 -5.66860625033
-14.5204289777 -7.33130540655
-18.5131098861 -12.1783516801
-22.1477677861 -15.4215448126
-26.0149020976 -19.530992143
-29.4658229146 -23.6308768856
-33.4947396715 -29.203051515
-36.062761228 -31.9190698857
-37.9020891141 -33.581769042
-42.0699775797 -38.0335025788
-44.6188838123 -40.6668292338
-46.4582116984 -42.32952839
-51.1726438704 -48.1081328675
-55.4239921814 -53.6803332428
-59.5859953921 -59.2525593633
-63.666916934 -64.8247533021
-66.4542769735 -67.1354138091
-0.817095096038 -0.680508781688
-4.68422940756 -4.7899561121
-6.9253123008 -6.85295892743
-8.76464018695 -8.51565808365
-11.6332456684 -11.3744149852
-0.817095096038 -0.680508781688
-2.65642298218 -7.41462470426
-4.49575086833 -12.9867928971
-11.0972526893 -18.5640075018
-15.0899335977 -24.1361821311
-18.9570679092 -28.2456294615
-23.043977493 -31.977789424
-27.1248990349 -36.0137984092
-33.1386141909 -42.7479143318
-36.5797442829 -46.3737356499
-37.888580585 -47.7119107627
-42.1292284048 -51.0787308553
-44.3209735164 -53.0535238785
-46.2797870703 -54.9947002909
-0.817095096038 -0.680508781688
-2.65642298218 -2.3432079379
-4.49575086833 -4.00590709412
-7.15761451682 -7.10771391406
-9.31030652024 -9.28176248305
-14.4767238159 -14.4064404932
-17.5461438052 -17.0690283202
-23.5598589613 -22.3680597175
-26.7663507269 -25.5651617428
-29.7352557583 -29.2895155851
-31.0440920603 -30.6276906979
-32.8834199465 -32.2903898541
-34.7227478326 -33.9530890103
-39.4371800046 -39.2521204076
-42.2245400441 -41.5627809146
-0.817095096038 -0.680508781688
-4.19972109211 -4.40894209985
-7.61822811131 -8.5360764849
-11.780231322 -14.1082897329
-15.9422345327 -17.6731165383
-20.6566667046 -22.5201628118
-23.6255717359 -26.2445166542
-28.4063744906 -31.8170645342
-32.5205216801 -37.3892520366
-36.7860144985 -40.3490523009
-40.244781732 -45.9262669056
-44.3424540843 -51.4984930261
-48.4233756262 -57.0706998378
-51.8821428597 -62.6428680306
-0.817095096038 -0.680508781688
-5.53152726795 -5.52755505523
-9.72420773089 -8.61592013081
-11.2919271898 -12.967487558
-13.1312550759 -18.5396557508
-15.9998605573 -21.3984126523
-0.817095096038 -0.680508781688
-2.65642298218 -2.3432079379
-4.49575086833 -4.00590709412
-9.66216816399 -9.13058510425
-13.955363585 -14.7030107279
-15.7756964266 -16.5957734074
-21.4216868025 -21.8948048047
-24.9959033483 -25.1963235041
-26.8352312345 -26.8590226603
-31.6788751379 -31.5916585827
-34.3626326464 -35.9560302821
-4.94243575863 -0.680508781688
-8.34733000217 -6.2577233864
-12.3762467591 -11.8298915792
-15.4592354776 -17.4021563163
-18.7550723436 -22.9743566916
-22.8527446959 -28.546544194
-25.9611186057 -32.5647273952
-30.2269234852 -38.1372624069
-34.2558402421 -43.7094305997
-37.1244457236 -46.5681875012
-0.817095096038 -0.680508781688
-6.83081025208 -2.3432079379
-10.859727009 -8.12181241545
-13.224005671 -10.9856925579
-18.3904229666 -16.2847239552
-21.2807947245 -20.3554586518
-0.817095096038 -0.680508781688
-6.38625401926 -2.3432079379
-9.84502125275 -4.00590709412
-13.9089066075 -5.66860625033
-20.5104084284 -11.814935508
-23.4486362075 -15.410724539
-25.6897191007 -17.4737273544
-29.9303669206 -21.4228320347
-31.9763605282 -23.4389039625
-37.9900756842 -25.1016031187
-42.0189924411 -30.2262811288
-45.5453529657 -34.3630464069
-0.817095096038 -0.680508781688
-6.83081025208 -7.41462470426
-9.17062468684 -10.0330627467
-13.8453209355 -12.096065562
-17.8742376924 -13.7587647182
-21.7413720039 -17.8682120486
-24.9809837273 -23.4407277574
-28.089357637 -27.4589109586
-34.6908594579 -29.1216101148
-38.6835403664 -30.784309271
-42.9241881862 -34.7334139514
-44.9701817938 -36.7494858791
-47.6320454423 -39.8512926991
-49.4369014504 -41.8378783118
-0.817095096038 -4.94005385992
-6.19482148536 -10.5122220527
-10.2924938377 -16.0225625437
-14.3734153796 -19.5055105753
-17.035279028 -22.6073173953
-18.8401350362 -24.593903008
-0.817095096038 -0.680508781688
-4.79392832482 -5.13224231858
-8.02682307087 -8.26003431415
-10.1795150743 -10.4340828831
-16.1932302303 -16.5804121408
-20.4587230487 -19.6687772164
-24.4514039572 -24.1205107533
-27.6842987032 -27.2483027489
-31.6207820062 -32.3876243839
-36.1003889693 -34.4036963117
-41.6649243259 -36.0663954679
-48.2664261469 -37.7290946241
-52.3129800453 -43.3063092288
-56.4271272348 -48.8784774216
-60.7203226558 -52.0190736894
-64.7668765542 -57.5294141804
-69.0323693726 -60.4892144447
-73.025050281 -62.1519136009
-77.0716041794 -67.7291282056
-81.1692765317 -70.9262302309
-87.1829916878 -72.5889293872
-91.2295455861 -75.4476862887
-0.817095096038 -0.680508781688
-4.79392832482 -5.13224231858
-7.8155139772 -8.04872522048
-9.65484186335 -9.7114243767
-13.8227303289 -14.1631579136
-18.1294944791 -19.7354226507
-19.4383307811 -21.0735977635
-23.4151640099 -25.5253313004
-27.8718341876 -31.097647524
-31.0139950949 -34.246430972
-32.853322981 -35.9091301282
-38.2310493704 -40.7561764018
-42.4534939352 -43.9993695343
-46.4461748436 -45.6620686905
-52.4598899997 -51.4406731681
-55.9530248767 -57.0128671069
-57.7578808848 -58.9994527196
-0.817095096038 -0.680508781688
-2.65642298218 -2.3432079379
-7.06070022579 -7.46788594804
-8.62841968466 -9.25450401777
-13.3428518566 -13.4871839886
-15.9108734131 -16.2032023594
-22.512375234 -21.7135428503
-26.5932967759 -27.2857367892
-30.2231128888 -31.0451463941
-33.1613406678 -34.6409354251
-37.8360369165 -36.7039382405
-41.8469998698 -42.0029696377
-46.2920013036 -46.5204009094
-50.3209180605 -52.0926012847
-0.817095096038 -0.680508781688
-2.65642298218 -2.3432079379
-8.22558190541 -4.00590709412
-11.6487581938 -8.11535442453
-15.0996790108 -11.847514387
-18.2583147553 -15.3473832962
-20.4993976485 -17.4103861115
-22.3387255347 -19.0730852677
-24.1780534208 -20.7357844239
-26.017381307 -22.3984835801
-31.6633716829 -27.6975149774
-35.2375882287 -30.9990336769
-40.615314618 -32.6617328331
-43.4892115387 -34.3244319893
-50.0907133596 -39.901646594
-55.6552487163 -43.9198297953
-61.2244076396 -49.4970444
-65.2353705929 -53.4970782828
-71.2490857489 -60.2311942053
-73.5889001837 -62.8496322478
-77.3080849873 -66.9495169903
-82.0888877419 -71.6822004966
-86.0998506952 -77.2544073083
-88.4703469938 -79.8732619306
-92.7894664291 -84.8495199356
-95.1599627277 -87.4683745579
-98.0285682091 -90.3271314594
-0.817095096038 -0.680508781688
-2.65642298218 -2.3432079379
-6.97554241745 -7.31946594292
-11.3475187163 -12.891724244
-15.509521927 -18.463937492
-19.5384386839 -21.2936846281
-24.7048559795 -26.5927160254
-28.819003169 -32.1649099642
-32.3932197148 -35.4664286637
-38.4069348709 -41.6127579214
-42.6724276893 -47.1850548378
-46.9656231103 -52.7573774971
-51.0465446522 -58.3295714359
-54.1295333707 -63.9018361731
-58.3808816817 -69.4740365483
-60.5335736852 -71.6480851173
-64.8526931204 -76.6243431223
-67.4668115017 -80.2648489922
-71.6598275914 -84.9975324984
-75.6525084999 -90.5697006912
-80.1321154629 -96.1420683987
-84.2130370048 -101.714243028
-86.827155386 -105.354748898
-91.6079581407 -106.692924011
-95.6006390491 -110.059744103
-97.559452603 -112.000920516
-0.817095096038 -0.680508781688
-2.65642298218 -2.3432079379
-6.03904897826 -6.07164125607
-10.8926405227 -8.89949265698
-14.9215572796 -13.11310064
-19.2147527006 -18.6855262636
-22.7889692464 -21.8982292294
-24.980714358 -23.8730222526
-27.1724594696 -25.8478152758
-29.3642045811 -27.822608299
-32.8336102128 -30.7529127672
-38.8473253689 -36.8992420249
-42.8938792672 -40.048025473
-46.9227960241 -43.7764587911
-50.1669496562 -45.9899438893
-54.2646220085 -48.8487007908
-0.817095096038 -0.680508781688
-2.65642298218 -2.3432079379
-8.22558190541 -4.00590709412
-12.2544986623 -9.13058510425
-13.8222181212 -10.917203174
-15.6615460073 -12.5799023302
-19.5286803188 -16.6893496606
-22.7682920422 -22.2618653693
-26.8321773969 -27.8340399987
-31.083525708 -33.406240374
-34.5246558 -36.9391155796
-0.817095096038 -0.680508781688
-2.65642298218 -2.3432079379
-8.22558190541 -9.07732386047
-12.2544986623 -14.6494920533
-14.3004922699 -16.665563981
-20.9019940909 -22.4441684586
-24.3431241829 -25.2739155946
-28.3358050913 -26.9366147509
-32.6549245266 -31.9128727559
-35.2690429078 -35.5533786257
-36.5778792099 -36.8915537385
-38.4172070961 -38.5542528947
-40.2565349822 -40.2169520509
-46.2702501383 -46.9510679735
-50.432253349 -52.5232812214
-54.5942565597 -58.0955137782
-58.6231733166 -63.667681971
-63.2978695652 -65.7306847863
-67.2905504736 -69.6797894666
-69.3365440813 -71.6958613944
-74.9825344572 -77.4744658719
-79.0114512141 -83.0466533743
-80.3202875161 -84.3848284871
-86.3340026722 -91.1189444097
-89.8438883596 -95.1724669774
-91.6642212013 -97.0652296569
-94.3260848498 -100.167036477
-96.4787768532 -102.341085046
-103.080278674 -107.851425537
-107.161200216 -111.334373568
-0.817095096038 -0.680508781688
-6.83081025208 -2.3432079379
-10.8417732054 -7.92042254262
-14.8527361586 -13.4926036085
-18.8636991119 -17.7252835794
-20.172535414 -23.2978314594
-26.774037235 -28.8699996522
-30.7667181434 -34.6486041297
-34.0625550094 -40.220804505
-37.9197697783 -43.514460345
-41.9836551331 -47.6826747558
-46.0978023226 -53.2548622582
-50.5774092856 -55.270934186
-54.000585574 -60.5699655833
-58.0295023309 -64.1657546143
-62.5268699976 -68.4662571815
-66.8732694546 -74.0385734051
-70.0154303619 -78.0920959728
-76.0291455179 -83.6693105775
-80.0401084712 -89.2414787703
-84.0327893797 -93.6932123072
-86.6023899083 -98.0447797344
-0.817095096038 -0.680508781688
-6.83081025208 -2.3432079379
-10.8946956068 -5.71002803049
-15.5878766701 -11.2829297264
-19.616793427 -16.8551236653
-23.6977149689 -22.4273176042
-29.711430125 -24.0900167604
-33.7403468819 -25.7527159166
-35.579674768 -27.4154150728
-38.2415384165 -30.5172218928
-40.0463944246 -32.5038075054
-0.817095096038 -0.680508781688
-2.65642298218 -2.3432079379
-8.67013813823 -7.92042254262
-11.8609309944 -11.0184336653
-14.5227946428 -14.1202404852
-16.6754866463 -16.2942890542
-18.5148145324 -17.9569882104
-21.1766781809 -21.0587950304
-23.3293701843 -23.2328435994
-29.3430853403 -28.8100582041
-33.4893896415 -34.3822457065
-39.0539385883 -39.9544267724
-44.6230975116 -45.5316413771
-48.61577842 -51.1038160065
-52.0389547084 -55.2132633369
-56.713650957 -60.7857790456
-60.7775363118 -66.3579794209
-64.8752086641 -70.445634995
-69.0682247538 -75.1783185013
-73.0609056623 -80.750486694
-75.4314019609 -83.3693413163
-78.0932656094 -86.4711481363
-79.8981216175 -88.457733749
-0.817095096038 -0.680508781688
-3.47895874452 -3.78231560163
-5.63165074794 -5.95636417062
-7.47097863409 -7.61906332684
-10.1328422826 -10.7208701468
-12.285534286 -12.8949187158
-14.1248621721 -14.557617872
-16.7867258206 -17.6594246919
-18.939417824 -19.8334732609
-20.7787457102 -21.4961724171
-27.3802475311 -23.1588715733
-30.7851417747 -24.8215707296
-33.4470054232 -27.9233775495
-35.5996974266 -30.0974261185
-41.6134125826 -31.7601252747
-45.0545426746 -33.4228244309
-47.7164063231 -36.5246312509
-49.8690983265 -38.6986798199
-55.0355156222 -45.4327957424
-59.1496628117 -51.0049832448
-63.1423437201 -56.5771578742
-66.5472379637 -60.5953410755
-73.1487397846 -66.7416703331
-77.1414206931 -72.3138449625
-79.2941126965 -74.4878935315
-84.8632716197 -76.1505926877
-88.005432527 -81.2752706978
-89.5731519859 -83.0618887676
-92.4417574673 -85.9206456691
-0.817095096038 -0.680508781688
-6.83081025208 -6.2577233864
-10.9771145532 -11.8299108888
-14.9697954617 -17.4020790816
-18.111956369 -22.974266584
-23.4896827583 -28.5464412134
-27.6038299478 -32.0954198266
-31.1137156352 -36.5471533635
-35.5703858129 -39.9432093456
-39.7323890236 -45.5154805187
-43.2084877134 -51.0876615846
-45.4495706067 -53.1506644
-49.3167049182 -57.2601117304
-53.9914011668 -62.8326274391
-56.7283627114 -65.2971252172
-58.5676905976 -66.9598243735
-60.4070184837 -68.6225235297
-64.3838517125 -73.0742570666
-66.9534522411 -77.4258244938
-0.817095096038 -0.680508781688
-5.13621453131 -4.91318875252
-6.44505083339 -6.2513638653
-10.9424185001 -10.5518664325
-13.6793800447 -13.1455759421
-14.9882163467 -14.4837510549
-19.7026485187 -18.7164310257
-22.656332556 -21.8181118773
-24.2240520148 -23.604729947
-28.5431714501 -27.8374099178
-33.3239742047 -32.5700934241
-37.3166551132 -36.6061024093
-41.3276180665 -40.1226106375
-46.7053444558 -46.2689398952
-49.7963869091 -51.8411145245
-54.5108190811 -55.8592977258
-58.703499544 -61.4315946423
-62.9259441088 -65.6302992198
-67.6006403575 -67.6933020352
-71.5933212659 -72.8179800453
-75.4964156406 -74.604598115
-79.5073785939 -77.4633550165
-4.94243575863 -5.57343539947
-0.817095096038 -0.680508781688
-2.65642298218 -2.3432079379
-4.49575086833 -4.00590709412
-6.33507875448 -5.66860625033
-12.9365805754 -7.33130540655
-16.9654973323 -8.99400456276
-22.9792124884 -15.7281204853
-27.1412156991 -21.3003337333
-31.1338966075 -26.8725083627
-35.2208061912 -30.6046683251
-38.3462162881 -34.6406773104
-41.4156362775 -37.3032651374
-43.2549641636 -38.9659642936
-47.4956119834 -42.3327843862
-50.9650176151 -45.2630888544
-56.3427440044 -46.9257880106
-60.4404163568 -53.0721172683
-62.8188395261 -56.1604823439
-68.3879984494 -57.8231815001
-72.3989614026 -62.5558174225
-75.0827189112 -66.9201891219
-0.817095096038 -0.680508781688
-2.65642298218 -6.2577233864
-5.31828663067 -11.8298915792
-7.47097863409 -14.0039401482
-13.0401375573 -15.6666393044
-17.0328184658 -21.8129685621
-19.9067153865 -27.3851689373
-22.2851385558 -30.4735340129
-24.124466442 -32.1362331691
-30.7259682629 -33.7989323254
-34.1491445513 -35.4616314816
-40.7506463723 -37.1243306378
-44.7616093255 -40.2261374577
-46.914301329 -42.4001860267
-52.2920277183 -44.0628851829
-57.8566038449 -45.7255843392
-63.4257627681 -47.3882834954
-66.8489390565 -49.0509826516
-71.3463067231 -53.3514852188
-75.6927061802 -57.7030526459
-78.0711293496 -60.7914177215
-80.732992998 -63.8932245415
-82.5378490062 -65.8798101542
-0.817095096038 -0.680508781688
-2.65642298218 -2.3432079379
-6.89707080201 -5.71002803049
-10.3664764337 -8.64033249872
-15.9356353569 -14.7866617564
-19.9465983102 -20.3588363858
-24.2929977672 -24.122617148
-28.5861931882 -29.6950427716
-32.6671147301 -35.2672882006
-36.6780776834 -38.3825114522
-40.6890406367 -41.7493315448
-44.1584462684 -44.679636013
-50.1721614244 -50.8259652707
-54.4376542428 -53.9143303463
-58.4303351513 -55.5770295025
-60.2696630374 -57.2397286587
-66.2833781934 -63.0183331362
-69.7765130704 -68.5905270751
-72.8991370958 -72.9420945023
-76.5337949958 -78.5143399313
-81.0134019588 -82.3762385495
-85.3065973798 -86.9258960256
-87.8761979084 -91.2774634528
-0.817095096038 -0.680508781688
-2.65642298218 -2.3432079379
-7.06070022579 -7.46788594804
-8.62841968466 -9.25450401777
-10.4677475708 -10.917203174
-15.1821797427 -15.1498831448
-18.13586378 -18.2515639964
-22.0389581547 -23.82388022
-0.817095096038 -0.680508781688
-2.65642298218 -2.3432079379
-6.63325621097 -6.7949414748
-11.0899263886 -12.3672576984
-14.6641429344 -15.2641441373
-16.5034708206 -16.9268432935
-18.3427987067 -18.5895424498
-20.1821265929 -20.252241606
-24.0492609044 -24.3616889364
-28.1361704881 -26.4246917517
-32.1288513966 -30.5341390821
-36.8035476452 -35.2218104896
-41.248549079 -40.7942168082
-45.2412299875 -46.366385001
-47.3939219909 -48.54043357
-52.2375658943 -53.2730694924
-54.9213234028 -57.6374411918
-3.9207845111 -0.680508781688
-7.02915842081 -2.3432079379
-12.4068848101 -4.00590709412
-16.5045571624 -10.1522363518
-20.0144428499 -15.7244367271
-24.2550906697 -19.6735414074
-26.3010842773 -21.6896133351
-28.1404121634 -23.3523124914
-33.5181385528 -28.4769905015
-37.6322857423 -34.0492101857
-39.4371417504 -36.0357957984
-0.817095096038 -0.680508781688
-6.19482148536 -7.41462470426
-9.65358871884 -12.9867993336
-13.3912583371 -16.8905529476
-15.8558449844 -22.4627919405
-19.5335511379 -25.4225922048
-23.5974364927 -29.1510255229
-28.4510280372 -31.3645106212
-32.4975819356 -38.0986265437
-36.5264986924 -43.6708076096
-39.4003956131 -49.2430079849
-41.7788187825 -52.3313730605
-43.6181466687 -53.9940722167
-46.2800103172 -57.0958790366
-48.0848663253 -59.0824646493
-0.817095096038 -0.680508781688
-2.65642298218 -2.3432079379
-4.49575086833 -4.00590709412
-6.33507875448 -5.66860625033
-8.17440664063 -7.33130540655
-10.0137345268 -8.99400456276
-11.8530624129 -10.656703719
-14.5149260614 -13.7585105389
-16.6676180648 -15.9325591079
-18.506945951 -17.5952582641
-20.3462738371 -19.2579574203
-23.0081374856 -22.3597642403
-25.160829489 -24.5338128093
-27.8226931375 -27.6356196292
-29.9753851409 -29.8096681982
-31.8147130271 -31.4723673544
-33.6540409132 -33.1350665106
-38.1514085799 -37.4355690778
-40.8883701245 -39.900066856
-47.4898719454 -46.6341827785
-51.4825528539 -50.7867962489
-55.5291067523 -56.3589901877
-0.817095096038 -0.680508781688
-3.68570057745 -3.5392656832
-0.817095096038 -0.680508781688
-2.65642298218 -2.3432079379
-6.89707080201 -6.29231261824
-8.94306440962 -8.30838454598
-14.5890547855 -14.0869890235
-17.4118332523 -19.6591829624
-19.2511611385 -21.3218821186
-24.8971515144 -26.6209135159
-29.0591547251 -32.1931460726
-33.088071482 -37.7653142654
-35.3291543752 -39.8283170807
-38.1977598566 -42.6870739822
-0.817095096038 -0.680508781688
-2.65642298218 -2.3432079379
-4.49575086833 -4.00590709412
-6.33507875448 -5.66860625033
-11.327142663 -10.9676376476
-13.1474755047 -12.8604003271
-14.9868033908 -14.5230994833
-16.826131277 -16.1857986396
-19.4879949254 -19.2876054595
-21.6406869289 -21.4616540285
-24.5092924103 -24.32041093
-0.817095096038 -0.680508781688
-6.38625401926 -6.2577233864
-9.82738411126 -11.8298980158
-13.6845988802 -13.7226606953
-17.0894931237 -16.5814175968
-0.817095096038 -0.680508781688
-2.65642298218 -2.3432079379
-9.25792480313 -4.00590709412
-13.2688877564 -10.1522363518
-17.3154416548 -15.7244238542
-21.4457966545 -21.2965984836
-0.817095096038 -0.680508781688
-2.65642298218 -2.3432079379
-8.22558190541 -4.00590709412
-11.6843491389 -5.66860625033
-15.7482344936 -11.814935508
-18.126657663 -14.9033005836
-22.1034908918 -19.3550341205
-24.6730914204 -23.7066015477
-0.817095096038 -0.680508781688
-7.41859691698 -6.82683803936
-11.5806001277 -10.4226270704
-16.0256015615 -12.3153897499
-20.1232739138 -17.8926043546
-24.1159548223 -23.4647725474
-26.4943779917 -26.553137623
-30.6622664572 -31.0048711599
-33.7452551758 -36.577135897
-37.0410920418 -42.1493362723
-39.3809064765 -44.7677743147
-44.0556027252 -46.83077713
-48.0665656784 -51.9554551402
-53.6311485998 -55.5044337534
-55.470476486 -57.1671329096
-57.3098043721 -62.7443475143
-60.1784098536 -68.3165221437
-0.817095096038 -0.680508781688
-4.79392832482 -5.13224231858
-8.02682307087 -8.26003431415
-10.1795150743 -10.4340828831
-12.0188429604 -12.0967820394
-17.1852602561 -17.3958134366
-20.075632014 -21.4665481332
-0.817095096038 -0.680508781688
-6.83081025208 -6.2577233864
-10.8234911605 -11.8298980158
-14.2995898504 -17.4020790817
-18.1667241619 -21.5115264121
-22.8414204105 -27.0840421208
-26.4760783105 -30.1724071964
-32.0452372337 -35.7496218011
-36.056200187 -41.3217899939
-40.1200855417 -46.8939710598
-44.1127664502 -52.4711856645
-48.1054473586 -58.0433602939
-50.4759436572 -60.6622149162
-53.1378073057 -63.7640217362
-58.509375134 -69.3369362958
-62.7318196988 -73.649076803
-66.3664775988 -76.7374418786
-69.0283412473 -79.8392486985
-71.1810332507 -82.0132972675
-77.7825350716 -88.7474131901
-81.8464204264 -94.319594256
-85.8573833797 -99.1666405295
-88.8560525129 -103.365345107
-91.0087445163 -105.539393676
-94.8758788278 -109.648841006
-98.9627884116 -111.711843822
-102.95546932 -113.374542978
-109.556971141 -120.108658901
-113.567934094 -125.68083353
-117.560615003 -131.253021032
-119.365471011 -133.239606645
-0.817095096038 -0.680508781688
-2.65642298218 -2.3432079379
-8.22558190541 -4.00590709412
-11.3677428127 -9.13058510425
-15.2708371874 -14.7029013279
-4.30644699191 -3.64077087579
-8.33536374881 -6.30998124358
-12.3280446573 -10.5426612144
-13.6368809593 -11.8808363272
-15.4762088455 -13.5435354834
-20.1906410174 -18.3905817569
-24.3833214803 -23.9628786734
-28.4642430222 -29.5350533028
-30.4230565761 -31.4762297152
-0.817095096038 -0.680508781688
-2.65642298218 -2.3432079379
-6.82431144773 -6.7949414748
-9.37321768035 -9.4282681297
-12.0350813288 -12.5300749496
-14.1877733323 -14.7041235186
-18.9022055042 -20.4827279962
-23.1535538152 -26.0549283715
-25.8905153598 -28.5194261496
-28.5523790083 -31.6212329696
-30.3572350164 -33.6078185822
-0.817095096038 -0.680508781688
-3.68570057745 -3.5392656832
-0.817095096038 -0.680508781688
-6.38625401926 -6.2577233864
-10.4151707762 -11.8298915792
-14.4078516846 -17.1289229765
-16.2281845263 -19.021685656
-21.3946018219 -25.7558015786
-24.9209623466 -31.327989081
-27.07365435 -33.50203765
-33.6751561709 -35.1647368062
-37.7217100693 -39.397416777
-39.0305463714 -40.7355918898
-40.8698742575 -42.398291046
-45.1889936928 -47.374549051
-49.5609699916 -52.9468073521
-53.6751171811 -58.519001291
-56.0393958431 -61.3828814334
-58.9080013246 -64.241638335
-0.817095096038 -0.680508781688
-6.46308547196 -5.97954017897
-10.0373020177 -9.55996792486
-14.0838559161 -11.2226670811
-20.6853577371 -12.8853662373
-24.7319116355 -18.1843976346
-28.7608283924 -23.7566366274
-34.3253637491 -29.3288048202
-40.92686557 -30.9915039765
-44.9195464785 -36.1161819866
-49.410427518 -37.9028000563
-53.4213904713 -41.8519047366
-57.9009974343 -47.4242724441
-61.9299141912 -52.9964406369
-65.9225950997 -58.5686152663
-70.3268723433 -63.6932932764
-74.229966718 -65.4799113461
-77.6348609615 -67.1426105023
-79.4741888477 -68.8053096586
-85.4879040037 -70.4680088148
-89.4805849122 -72.130707971
-92.3491903936 -74.9894648725
-0.817095096038 -0.680508781688
-6.46308547196 -6.45911325923
-10.4920022289 -12.0313007616
-14.5789118126 -17.6038164704
-18.5898747659 -21.6219996716
-21.4802465238 -25.6927343682
-0.817095096038 -0.680508781688
-3.68570057745 -3.5392656832
-0.817095096038 -0.680508781688
-2.65642298218 -2.3432079379
-4.49575086833 -4.00590709412
-8.47258409711 -8.45764063101
-11.4941697495 -11.3741235329
-16.6605870451 -16.498801543
-20.9537824661 -22.0712271667
-24.982699223 -27.6433953594
-26.9415127769 -29.5845717719
-0.817095096038 -0.680508781688
-3.68570057745 -3.5392656832
-0.817095096038 -0.680508781688
-2.65642298218 -2.3432079379
-6.89707080201 -5.71002803049
-10.3664764337 -8.64033249872
-14.3433096625 -13.0920660356
-17.3648953149 -16.0085489375
-19.204223201 -17.6712480937
-21.0435510872 -24.4053640163
-27.6450529081 -29.9775322091
-31.673969665 -35.5497325844
-36.0782469086 -41.1219007772
-38.4425255706 -43.9857809196
-40.2818534568 -45.6484800758
-46.8833552777 -47.311179232
-50.8760361861 -48.9738783883
-52.7153640723 -50.6365775445
-54.5546919584 -52.2992767007
-56.3940198446 -53.9619758569
-58.2333477307 -55.6246750131
-60.8952113792 -58.7264818331
-63.0479033826 -60.900530402
-64.8872312688 -62.5632295583
-70.9009464248 -68.0735700492
-75.1664392432 -71.0333703135
-79.1591201517 -76.8119747911
-83.4104684627 -82.3841751664
-87.6759612811 -87.9564720828
-89.8286532846 -90.1305206518
-95.3978122078 -95.7077352565
-98.8389422998 -101.279909886
-100.659275141 -103.172672565
-106.037001531 -108.297350576
-110.15114872 -113.86957026
-112.109962274 -115.810746672
-0.817095096038 -0.680508781688
-2.65642298218 -2.3432079379
-9.25792480313 -4.00590709412
-13.2688877564 -10.1522363518
-16.673782 -14.170419553
-20.6506152287 -18.6221530899
-23.6722008811 -21.5386359918
-29.2413598043 -27.1158505966
-32.6824898963 -30.1785223528
-34.9235727896 -32.2415251681
-41.5250746105 -37.8187397728
-45.517755519 -43.3909079656
-49.0919720648 -48.9631340861
-52.5851069417 -54.5353795151
-56.2905156978 -60.1078051387
-60.7701226608 -63.969703757
-62.0789589629 -65.3078788697
-66.0557921917 -69.7596124066
-69.0773778441 -72.6760953085
-70.9167057302 -74.3387944648
-75.3209829738 -80.1173989423
-77.6852616358 -82.9812790848
-81.9259094557 -86.3480991773
-83.8847230095 -88.2892755897
-3.09660906813 -4.09275599954
-7.28928953107 -9.66494350194
-11.318206288 -12.5288236444
-15.3647601864 -18.3074281219
-19.4113140847 -21.7731640247
-23.4402308416 -23.4358631809
-27.8445080853 -28.5605411911
-29.4122275441 -30.3471592608
-33.6528753639 -33.7139793534
-37.1222809956 -36.6442838216
-41.2901694612 -41.0960173585
-43.8390756938 -43.7293440134
-45.6784035799 -45.3920431696
-51.2475625032 -47.0547423259
-55.2402434116 -50.4215624184
-57.1990569655 -52.3627388308
-0.817095096038 -0.680508781688
-2.65642298218 -2.3432079379
-8.3024133581 -4.00590709412
-11.8122990455 -5.66860625033
-13.6516269317 -7.33130540655
-16.5202324131 -10.1900623081
-0.817095096038 -0.680508781688
-7.41859691698 -2.3432079379
-11.4651508154 -7.46788594804
-15.7583462363 -10.1304737751
-19.7693091896 -15.2551517852
-21.3370286485 -17.0417698549
-26.0514608204 -22.3408012522
-29.3183939402 -25.6974303144
-34.0115750035 -31.2703320104
-37.4164692471 -34.3330037666
-39.2213252552 -36.3195893793
-0.817095096038 -0.680508781688
-2.65642298218 -2.3432079379
-7.06070022579 -7.46788594804
-10.9637946005 -9.25450401777
-14.368688844 -10.917203174
-20.3824040001 -17.6513190966
-23.5245649074 -21.7048416643
-26.1864285558 -24.8066484842
-27.991284564 -26.7932340969
-0.817095096038 -0.680508781688
-2.65642298218 -2.3432079379
-4.49575086833 -4.00590709412
-8.66363933388 -8.45764063101
-11.2125455665 -11.0909672859
-17.8140473874 -17.2372965436
-21.9117197398 -22.8094969189
-25.9044006482 -24.4721960751
-28.5662642967 -27.574002895
-30.3711203048 -29.5605885077
-0.817095096038 -0.680508781688
-7.41859691698 -7.41462470426
-10.859727009 -10.067195753
-16.873442165 -15.8458002306
-20.2966184534 -19.9165349272
-22.1014744616 -21.9031205399
-3.09660906813 -4.09275599954
-7.28928953107 -8.14627856724
-11.318206288 -13.7184596331
-12.8859257468 -15.5050777029
-18.5319161228 -21.2836821804
-21.3546945895 -26.8558761193
-27.3684097456 -31.9805541294
-31.3793726988 -36.051288826
-34.2479781803 -38.9100457275
-0.817095096038 -0.680508781688
-7.41859691698 -2.3432079379
-11.4112778254 -4.00590709412
-15.4039587339 -10.1522363518
-19.6694515523 -14.464376859
-23.733336907 -20.0365579249
-27.8310092593 -25.6087454273
-32.0965020778 -29.7923211233
-36.1774236197 -35.3645279349
-40.1701045281 -40.9367090008
-44.1810674814 -46.0613870109
-48.4742629023 -51.6338126345
-51.5159802891 -54.5936128989
-55.8350997244 -59.5698709039
-59.2515645782 -63.7981634386
-61.0718974199 -65.6909261181
-62.911225306 -67.3536252744
-65.5730889545 -70.4554320943
-70.9446567828 -72.6294806633
-74.9373376912 -75.7312874832
-76.7421936994 -77.7178730959
-0.817095096038 -0.680508781688
-6.83081025208 -6.2577233864
-10.2719403441 -11.8298915792
-13.5048350901 -16.1814590064
-17.7706399697 -19.461295531
-21.8847871592 -21.7878338651
-25.9313410576 -23.4505330213
-27.7706689438 -25.1132321775
-32.0113167636 -29.0623368578
-36.4909237266 -34.6347045653
-39.6163338235 -38.6707135505
-43.9095292444 -44.2431391741
-48.0236764339 -49.8153331129
-50.7606379785 -52.4090426226
-54.9536540683 -57.9815905026
-58.9825708252 -62.1022523731
-60.7874268333 -64.0888379858
-0.817095096038 -0.680508781688
-6.83081025208 -6.19084927264
-10.3571707767 -10.4044572557
-13.8332694665 -15.9766383216
-16.7018749479 -21.548812951
-0.817095096038 -0.680508781688
-5.13621453131 -4.91318875252
-6.44505083339 -6.2513638653
-9.3136563148 -9.11012076681
-0.817095096038 -0.680508781688
-2.65642298218 -2.3432079379
-8.3024133581 -7.64223933518
-11.8766299039 -13.2144718919
-0.817095096038 -0.680508781688
-4.79392832482 -5.13224231858
-7.8155139772 -8.04872522048
-13.8292291332 -13.6259398252
-17.9755334344 -19.1981273276
-22.1375366451 -22.7939163586
-25.1929881533 -24.4566155149
-29.4336359732 -27.8234356074
-32.9030416049 -30.7537400757
-34.742369491 -32.4164392319
-36.5816973772 -34.0791383881
-38.4210252633 -35.7418375443
-41.2896307447 -38.6005944458
-0.817095096038 -0.680508781688
-5.80915900455 -5.97954017897
-7.62949184622 -7.87230285849
-12.0337690898 -13.650907336
-15.0613419692 -17.7385629101
-16.3701782713 -19.0767380229
-19.2387837527 -21.9354949244
-0.817095096038 -0.680508781688
-6.19482148536 -2.3432079379
-10.2237382423 -4.00590709412
-14.2347011955 -5.66860625033
-18.2456641488 -11.4472107279
-21.2732370282 -15.5348663019
-26.0540397829 -21.107414182
-30.0467206913 -26.6795823748
-32.9153261727 -29.5383392763
-0.817095096038 -0.680508781688
-6.38625401926 -2.3432079379
-10.3789349277 -4.00590709412
-14.3716158362 -7.10771391406
-16.5243078396 -9.28176248305
-18.3636357257 -10.9444616393
-24.9651375467 -16.521676244
-28.9578184551 -22.0938508734
-30.2666547572 -23.4320259861
-35.6443811465 -29.5783552438
-39.6909350449 -35.1505298732
-43.1141113333 -39.2599772036
-47.201020917 -44.8324929123
-51.3151681065 -50.4046611051
-55.3960896484 -55.9769065341
-59.6892850694 -59.7534915686
-63.3239429693 -62.8418566442
-66.1925484508 -65.7006135457
-4.94243575863 -0.680508781688
-8.93511666707 -5.13224231858
-12.6540941523 -10.7045070557
-16.9472895733 -16.2768297149
-20.9399704818 -21.8490043443
-22.2488067838 -23.1871794571
-28.2625219399 -24.8498786133
-32.2552028483 -30.1489100106
-35.5221359681 -33.5055390728
-37.480949522 -35.4467154852
-0.817095096038 -0.680508781688
-3.68570057745 -3.5392656832
-0.817095096038 -0.680508781688
-2.65642298218 -2.3432079379
-8.22558190541 -9.07732386047
-12.2182628139 -14.6494984898
-15.4247545795 -18.2452875209
-21.4384697356 -23.8225021256
-25.4494326888 -29.3946703184
-31.4631478449 -31.0573694746
-35.5270331996 -37.7914853972
-39.5197141081 -40.7203234359
-41.3590419942 -42.3830225921
-45.6781614295 -47.3592805971
-49.4623510634 -52.9315388983
-51.0300705223 -54.718156968
-52.8693984084 -61.4522728906
-58.8831135645 -67.0244410834
-62.9120303214 -72.0006990884
-65.28252662 -74.6195537107
-68.1511321014 -77.4783106122
-4.94243575863 -0.680508781688
-8.34733000217 -5.80518679183
-12.2504243769 -7.59180486155
-16.2431052853 -10.9586249541
-20.9362863486 -16.5315266501
-24.4948039849 -19.9972625529
-27.9709026747 -25.5694629282
-31.4296699082 -31.1416504306
-34.8345641517 -36.7138250599
-37.9931998962 -42.2859932527
-40.1849450078 -44.2607862759
-42.1437585617 -46.2019626883
-0.817095096038 -0.680508781688
-2.65642298218 -2.3432079379
-4.49575086833 -4.00590709412
-6.33507875448 -5.66860625033
-9.20368423589 -8.52736315185
-0.817095096038 -0.680508781688
-5.31446276271 -4.98101134886
-8.43708678812 -9.33257877605
-12.659531353 -12.5757719086
-0.817095096038 -0.680508781688
-7.41859691698 -2.3432079379
-11.4112778254 -5.20196483942
-0.817095096038 -0.680508781688
-4.98498356158 -5.13224231858
-8.70396104685 -9.37500688592
-13.1489624807 -14.9474132045
-17.1778792376 -20.5195813973
-19.0172071237 -24.5196152801
-25.6187089447 -26.1823144363
-29.0236031882 -29.2841212562
-33.8073843516 -31.4581698252
-37.23056064 -34.5599766452
-39.0354166481 -36.5465622578
-4.94243575863 -0.680508781688
-8.93511666707 -3.5392656832
-4.94243575863 -5.57343539947
-0.817095096038 -0.680508781688
-2.65642298218 -2.3432079379
-8.67013813823 -7.92042254262
-11.8609309944 -11.0184336653
-14.7295364758 -13.8771905668
-0.817095096038 -0.680508781688
-7.41859691698 -2.3432079379
-11.4651508154 -4.00590709412
-15.4578317238 -8.30640966129
-18.1947932684 -10.9001191709
-19.5036295705 -12.2382942837
-21.3429574566 -13.9009934399
-23.1822853428 -15.5636925961
-27.4229331626 -19.5127972765
-29.4689267702 -21.5288692042
-31.3082546564 -23.1915683604
-33.9701183049 -26.2933751804
-36.1228103083 -28.4674237494
-41.6919692315 -30.1301229056
-45.6846501399 -35.4291543029
-49.2588666857 -41.0013804234
-53.3397882276 -43.5906470885
-56.0016518761 -46.6924539084
-58.1543438795 -48.8665024774
-60.816207528 -51.9683092974
-65.5999886914 -57.1076309324
-69.7619919021 -62.6798441804
-73.2380905919 -66.2602719263
-75.0429466001 -68.246857539
-4.94243575863 -4.94005385992
-10.5069711153 -8.94008774268
-12.3462990015 -10.6027868989
-14.1856268876 -12.2654860551
-16.0249547738 -13.9281852113
-17.8642826599 -15.5908843675
-20.5261463084 -18.6926911875
-22.6788383118 -20.8667397565
-24.518166198 -22.5294389127
-26.3574940841 -24.1921380689
-32.9589959051 -30.3384673266
-37.1209991158 -33.9342563576
-41.131962069 -38.1669363284
-42.4407983711 -39.5051114412
-47.155230543 -44.3521577148
-51.347911006 -48.664298222
-55.7929124398 -50.5570609015
-61.3574545916 -52.2197600577
-63.1967824778 -53.8824592139
-69.7982842987 -55.5451583701
-73.7909652071 -58.6469651901
-76.156850431 -61.7848068249
-78.3095424344 -63.9588553939
-80.9714060829 -67.0606622139
-82.7762620911 -69.0472478266
-0.817095096038 -0.680508781688
-2.65642298218 -2.3432079379
-9.25792480313 -9.07732386047
-13.2506057116 -14.6494920533
-17.3809607113 -18.6676752545
-21.3919236646 -20.3303744107
-25.7110430999 -24.5630543816
-27.019879402 -25.9012294943
-29.8884848834 -28.7599863959
-0.817095096038 -0.680508781688
-5.53152726795 -4.91318875252
-8.48521130526 -8.01486960408
-10.0529307641 -9.80148767381
-14.5502984308 -14.101990241
-18.8966978878 -19.6743064646
-22.9776194297 -25.246481094
-0.817095096038 -0.680508781688
-6.83081025208 -7.41462470426
-9.88626176034 -9.74442236078
-13.0116718572 -11.8458428092
-18.3893982465 -16.3827341544
-22.4703197884 -19.7258677351
-0.817095096038 -0.680508781688
-2.65642298218 -2.3432079379
-7.06070022579 -7.46788594804
-8.62841968466 -9.25450401777
-10.4677475708 -10.917203174
-15.1821797427 -16.2162345713
-18.8168376427 -19.3045996469
-24.4628280186 -25.0832041244
-28.4917447755 -30.6553916268
-32.5894171278 -34.7596865199
-36.6703386697 -40.3318804587
-40.7342240244 -43.7976163615
-44.139118268 -46.656373263
-0.817095096038 -0.680508781688
-3.68570057745 -3.5392656832
-0.817095096038 -0.680508781688
-6.83081025208 -2.3432079379
-10.8417732054 -7.64223933518
-14.8706899623 -13.2144783281
-18.8633708707 -18.7866529574
-22.9272562254 -20.4493521136
-27.095144691 -24.9010856505
-31.4019088412 -30.4733503877
-35.4484627395 -36.0455185804
-39.8527399832 -41.824123058
-44.1040882942 -47.3963234333
-48.0967692026 -52.9684916261
-52.1256859595 -55.6210626748
-56.1366489128 -58.7228694948
-58.2893409162 -60.8969180638
-60.1286688024 -62.55961722
-66.7301706233 -68.1368318247
-70.7228515318 -73.7090000175
-76.0944193601 -75.8830485865
-79.4993136036 -78.9848554064
-84.283094767 -81.1589039754
-87.7062710554 -84.2607107954
-89.5111270635 -86.2472964081
-0.817095096038 -0.680508781688
-2.65642298218 -2.3432079379
-6.97554241745 -6.57588790873
-8.28437871953 -10.7207847501
-14.2980938756 -16.2929722525
-17.7029881191 -17.9556714087
-21.7139510724 -19.618370565
-25.7605049708 -21.2810697212
-27.5998328569 -28.0151856437
-31.9189522922 -33.5873538365
-33.2277885943 -34.9255289493
-39.2415037503 -36.5882281055
-42.6463979939 -38.2509272617
-46.6573609472 -39.913626418
-52.6710761032 -41.5763255742
-56.6637570116 -43.2390247304
-58.5030848978 -44.9017238866
-64.5168000538 -50.6803283641
-68.5633539522 -56.2525416121
-74.5770691083 -61.8247098049
-78.6236230066 -67.1237412022
-81.4109830462 -69.4344017092
-0.817095096038 -0.680508781688
-6.83081025208 -7.41462470426
-10.2539865405 -10.8803606071
-13.1225920219 -13.7391175086
-0.817095096038 -0.680508781688
-4.19972109211 -4.40894209985
-8.4655259717 -9.1238631498
-12.5294113264 -14.6960635251
-15.9988169581 -17.6263679933
-21.5679758813 -19.2890671495
-25.5606567898 -24.0217030719
-29.8538522108 -29.5940257311
-33.9515245631 -32.7428091792
-37.9442054715 -36.6919138595
-39.9901990791 -38.7079857872
-44.3093185144 -42.9406657581
-48.5023346041 -44.2788408708
-52.4950155126 -45.9415400271
-56.487696421 -49.043346847
-58.6403884244 -51.217395416
-62.80827689 -55.6691289529
-67.1150410402 -61.24139369
-70.7927471937 -64.2011939543
-74.1976414372 -68.4338739252
-78.3906575269 -69.7720490379
-82.4016204802 -72.6308059394
-0.817095096038 -0.680508781688
-5.13621453131 -5.65676678671
-9.50819083013 -11.2290250878
-13.537107587 -16.8012190267
-17.6180291289 -19.3904856918
-20.4919260496 -21.053184848
-23.1537896981 -24.154991668
-25.519674922 -27.2928333028
-27.3245309301 -29.2794189155
-0.817095096038 -0.680508781688
-2.65642298218 -2.3432079379
-8.03414937151 -4.00590709412
-12.1318217238 -7.3727271867
-14.3235668354 -9.34752020991
-16.515311947 -11.3223132331
-21.2084930103 -16.8952149291
-24.1150725784 -20.9133981303
-30.1287877344 -27.059727388
-34.1214686429 -30.5426754197
-38.8359008148 -34.7753553905
-41.4039223713 -37.4913737613
-44.2725278527 -40.3501306628
-0.817095096038 -0.680508781688
-2.65642298218 -2.3432079379
-8.22558190541 -7.92042254262
-12.2365448587 -13.4926036085
-14.0758727448 -15.1553027647
-15.915200631 -16.818001921
-21.928915787 -21.9426799311
-25.9398787403 -27.51487387
-29.5745366403 -33.0871192989
-34.0541436033 -37.5368045821
-36.4325667727 -40.6251696577
-43.0340685936 -47.3592855803
-47.0629853505 -52.9314859555
-51.1095392489 -56.0802694036
-55.1734246036 -59.1820762235
-56.9782806118 -61.1686618362
-0.817095096038 -0.680508781688
-5.66073899943 -5.41314470405
-9.9539344204 -8.55374097186
-14.0004883188 -10.2164401281
-18.0114512721 -11.8791392843
-21.0669027803 -13.5418384405
-24.9340370918 -17.6512857709
-29.6087333405 -23.2238014796
-0.817095096038 -0.680508781688
-7.41859691698 -7.41462470426
-11.4112778254 -12.9867928971
-15.4222407787 -16.1020161486
-19.4149216872 -19.2038229686
-21.2197776953 -21.1904085812
-0.817095096038 -0.680508781688
-2.65642298218 -2.3432079379
-6.89707080201 -5.71002803049
-10.3664764337 -8.64033249872
-12.2058043198 -10.3030316549
-16.3736927854 -14.7547651918
-18.922599018 -17.3880918467
-23.1632468378 -21.3371965271
-25.2092404455 -23.3532684548
-29.6135176891 -29.1318729324
-32.6410905685 -33.2195285064
-36.8341066582 -34.5577036192
-40.8267875666 -40.3363080967
-44.3199224436 -45.9085020356
-46.4726144471 -48.0825506046
-52.0417733703 -49.7452497608
-56.0527363236 -54.8699277709
-60.3459317445 -59.419585247
-62.5870146378 -61.4825880623
-64.4263425239 -68.2167039849
-66.2656704101 -72.2167378677
-72.2793855661 -78.9508537902
-76.3770579184 -84.5230412926
-80.4236118168 -90.095228795
-84.4874971715 -95.667409861
-87.646132916 -101.239578054
-91.1155385477 -104.169882522
-93.9841440291 -107.028639423
-0.817095096038 -0.680508781688
-2.65642298218 -7.41462470426
-8.67013813823 -12.9867993336
-12.6628190467 -18.2858307309
-16.2370355925 -21.5873494304
-20.5028404721 -26.3022704803
-24.5667258268 -31.8744708556
-26.7956487791 -34.0879559538
-33.3971506001 -35.75065511
-37.3898315085 -41.0496865073
-39.2101643502 -42.9424491868
-42.0787698316 -45.8012060883
-4.94243575863 -0.680508781688
-8.93511666707 -3.78231560163
-11.0878086705 -9.35523016127
-17.6893104914 -14.9274047906
-21.1654091813 -18.9455879919
-25.9491903447 -24.5185025515
-29.0575642544 -27.9842384543
-31.7194279029 -31.0860452743
-33.524283911 -33.072630887
-0.817095096038 -0.680508781688
-5.13621453131 -5.65676678671
-7.50671082992 -8.275621409
-10.1685744784 -11.377428229
-12.3212664818 -13.5514767979
-14.160594368 -15.2141759542
-16.8224580165 -18.3159827741
-22.1940258447 -23.8888973337
-26.1867067532 -29.4610783996
-28.8485704017 -32.5628852196
-31.0012624051 -34.7369337886
-33.6631260536 -37.8387406085
-35.4679820617 -39.8253262212
-0.817095096038 -0.680508781688
-2.65642298218 -2.3432079379
-6.03904897826 -6.07164125607
-9.28320261031 -8.28512635427
-13.3808749626 -9.94782551049
-17.3918379159 -15.726429988
-21.4383918143 -21.298643236
-25.600395025 -24.8790709819
-27.9662802489 -28.0169126167
-33.3378480772 -30.1909611857
-37.3667648341 -31.8536603419
-41.3594457425 -35.9631076723
-43.6005286357 -38.0261104877
-48.7669459314 -43.325141885
-52.8810931209 -48.8973358238
-55.9365446292 -51.2271334803
-59.061954726 -53.3285539287
-64.4396811154 -57.865445274
-68.5206026572 -63.4377357547
-73.3741942017 -68.1526568046
-77.4031109586 -73.7248378705
-79.7689961825 -76.8626795054
-81.9216881859 -79.0367280744
-85.304314182 -82.7651613925
-90.1579057265 -84.9786464907
-94.1505866349 -91.7127624133
-97.3092223794 -95.2126313225
-101.028407183 -99.3125160651
-102.337243485 -100.650691178
-108.938745306 -102.313390334
-112.931426215 -109.047506257
-116.407524904 -114.619687323
-120.648172724 -117.986507415
-122.839917836 -119.961300438
-124.79873139 -121.902476851
-0.817095096038 -0.680508781688
-2.65642298218 -2.3432079379
-8.67013813823 -8.48953719557
-12.6628190467 -14.0617311344
-15.0412422161 -17.15009621
-20.4189686054 -18.8127953662
-23.2928655261 -20.4754945224
-27.7902331927 -24.7759970896
-32.1366326498 -28.5397778519
-33.9569654915 -30.4325405314
-35.7962933776 -32.0952396876
-38.4581570261 -35.1970465076
-40.2630130342 -37.1836321203
-4.94243575863 -0.680508781688
-8.34733000217 -5.80518679183
-12.2504243769 -7.59180486155
-16.2431052853 -9.25450401777
-22.2568204413 -14.8317186225
-25.8153380776 -18.2974545253
-29.2914367674 -23.8696549006
-32.7502040009 -29.441842403
-36.1550982445 -35.0140170323
-39.3137339889 -40.5861852251
-41.2725475428 -42.5273616375
-0.817095096038 -0.680508781688
-6.38625401926 -7.41462470426
-10.450139374 -12.9868250795
-14.9410204136 -18.5591413031
-18.933701322 -24.1313159325
-22.9802552204 -29.7034905619
-26.9729361289 -33.1338870982
-28.812264015 -34.7965862545
-30.6515919012 -36.4592854107
-36.6653070572 -38.1219845669
-40.7291924119 -39.7846837231
-46.742907568 -45.295024214
-50.8570547575 -50.8672760791
-54.8680177108 -56.4394442719
-58.6522073447 -62.011702573
-62.5553017194 -63.7983206428
-66.5479826278 -69.9446499004
-70.8134754462 -75.5169468169
-73.6186167715 -78.9291940348
-75.4579446577 -80.591893191
-81.4716598137 -86.3704976685
-84.9477585036 -89.9509254144
-86.7526145117 -91.9375110271
-0.817095096038 -0.680508781688
-6.83081025208 -6.82683803936
-10.8773641505 -12.399044851
-15.2493404493 -15.0178994733
-19.2420213577 -18.1197062932
-21.3947133612 -20.2937548622
-27.0407037371 -26.0723593398
-31.069620494 -30.1258819075
-33.1156141016 -32.1419538352
-39.7171159225 -33.8046529914
-43.709796831 -36.9064598114
-45.8624888344 -39.0805083804
-49.7296231459 -43.1899557108
-51.9707060392 -45.2529585261
-53.8100339253 -46.9156576823
-57.9779223908 -51.3673912192
-62.284686541 -54.0007178741
-66.2773674495 -58.8477641477
-69.8822612475 -61.7248201296
-72.544124896 -64.8266269495
-74.3489809041 -66.8132125622
-0.817095096038 -0.680508781688
-7.41859691698 -6.45911325923
-10.859727009 -9.99198846487
-0.817095096038 -0.680508781688
-6.46308547196 -5.97954017897
-9.66957723762 -11.551811352
-12.0354624615 -14.6896529869
-16.1832548582 -18.2195367095
-19.3897466238 -23.7918078826
-21.7556318477 -26.9296495174
-25.9034242444 -30.4595332401
-29.1099160101 -36.0318044131
-31.4758012339 -39.169646048
-33.6284932374 -41.343694617
-38.3429254093 -47.1222990945
-41.6387622753 -52.6944994698
-45.4959770442 -54.5872621493
-48.5514285525 -56.2499613055
-53.2658607244 -60.4826412763
-55.8338822809 -63.1986596471
-57.673210167 -64.8613588033
-60.5418156484 -67.7201157048
-0.817095096038 -0.680508781688
-2.65642298218 -2.3432079379
-4.49575086833 -4.00590709412
-11.0972526893 -10.1522363518
-15.1261694462 -15.7244045446
-19.2070909881 -21.2965856105
-0.817095096038 -0.680508781688
-7.41859691698 -6.2577233864
-11.4475136739 -11.8298915792
-14.9738741985 -17.4021434443
-18.84100851 -21.402177327
-22.9279180938 -24.8660733029
-27.0255904461 -28.0631753282
-31.0182713545 -32.0122800086
-35.4978783175 -34.0283519363
-39.490559226 -39.0046099413
-41.8610555246 -41.6234645636
-46.5754876965 -46.4705108372
-50.7681681594 -52.0428077536
-54.2269353929 -57.614995256
-58.3078569348 -60.7637787041
-63.877015858 -66.3409933088
-67.31814595 -69.403665065
-71.4050555338 -74.9761807738
-75.5192027233 -80.5483489666
-77.8850879472 -83.6861906014
-81.8215712502 -88.8255122365
-86.3011782132 -94.3978799439
-89.7599454467 -99.9700674463
-93.8408669886 -103.118850894
-95.6801948747 -104.781550051
-101.693910031 -111.515665973
-104.033724466 -114.134104016
-108.120634049 -117.597999991
-112.218306402 -123.170226112
-115.677073635 -128.742394305
-0.817095096038 -0.680508781688
-6.83081025208 -6.19084927264
-9.87252763888 -9.15064953697
-12.7411331203 -12.0094064385
-0.817095096038 -0.680508781688
-2.65642298218 -2.3432079379
-9.25792480313 -7.92042254262
-13.3720719926 -13.4925907354
-16.0339356411 -16.5943975554
-18.1866276446 -18.7684461243
-24.7881294655 -24.3456607291
-28.193023709 -29.9178353584
-33.1850876176 -35.4900035512
-35.0054204592 -37.3827662307
-39.5027881259 -41.6832687979
-42.2397496705 -44.2769783076
-47.0205524251 -45.6151534203
-51.0132333336 -50.9141848176
-53.9036050915 -54.9849195142
-0.817095096038 -0.680508781688
-7.41859691698 -7.41462470426
-11.4112778254 -12.9867993336
-15.4751631802 -18.558986836
-18.516880567 -21.5187871004
-22.8360000022 -26.4950451054
-25.4501183835 -30.1355509752
-26.7589546856 -31.473726088
-30.9996025054 -34.8405461806
-35.6927835687 -40.4134478765
-40.1723905317 -42.4295198043
-44.270062884 -47.7285512016
-48.4320660947 -51.9855813461
-52.7252615157 -57.5580069697
-56.7179424242 -63.130181599
-60.7644963225 -68.7023497918
-63.923132067 -72.202218701
-67.6423168706 -76.3021034436
-72.4231196253 -77.6402785564
-76.4340825786 -80.7420853763
-81.8056504068 -86.3149999359
-85.9360054066 -91.8871745653
-90.0501525961 -97.4593427581
-92.8552939214 -100.871589976
-95.7238994028 -103.730346877
-0.817095096038 -0.680508781688
-5.13621453131 -4.91318875252
-9.91701728594 -6.2513638653
-13.9096981944 -7.91406302151
-19.9234133504 -14.6481789441
-23.0820490949 -18.7358345182
-29.095764251 -24.3130491229
-33.1246810079 -28.3130830056
-0.817095096038 -0.680508781688
-3.68570057745 -3.5392656832
-0.817095096038 -0.680508781688
-2.65642298218 -2.3432079379
-5.5250284636 -5.20196483942
-0.817095096038 -0.680508781688
-6.38625401926 -2.3432079379
-10.3972169725 -7.46788594804
-13.4666369619 -10.1304737751
-16.1285006104 -13.232280595
-18.4943858343 -16.3701222299
-22.6421782309 -19.9000059525
-26.8041814416 -25.4722771256
-30.8680667964 -31.0444517549
-34.8969835533 -36.6166199477
-38.960868908 -42.1887945771
-42.9718318613 -45.3040178286
-44.8111597474 -46.9667169849
-50.3803186706 -53.1130462425
-54.3912816239 -58.6852208719
-56.7571668478 -61.8230625068
-58.9098588512 -63.9971110757
-61.5717224997 -67.0989178957
-63.9376077236 -70.2367595305
-66.090299727 -72.4108080995
-71.6594586502 -78.5571373572
-75.6521395587 -84.1293119866
-80.1430205983 -89.7016282102
-84.1719373552 -93.9152361932
-86.0112652413 -99.4924507979
-89.8783995528 -103.510633999
-93.1180112762 -109.083149708
-96.2263851859 -113.101332909
-101.392802482 -118.226010919
-105.685997903 -123.798436543
-109.714914659 -127.210683761
-113.572129428 -131.728115032
-0.817095096038 -0.680508781688
-4.79392832482 -5.13224231858
-7.8155139772 -8.04872522048
-12.056161797 -11.4155453131
-14.2479069086 -13.3903383363
-16.4396520202 -15.3651313595
-18.3984655741 -17.3063077719
-3.09660906813 -4.09275599954
-7.28928953107 -9.66494350194
-11.3869618834 -11.3276426582
-13.2262897695 -12.9903418144
-16.0948952509 -15.8490987159
-0.817095096038 -0.680508781688
-2.65642298218 -2.3432079379
-7.82284027784 -7.46788594804
-12.1160356988 -12.0175434241
-14.8529972434 -14.4820412023
-20.8667123994 -16.1447403585
-24.8956291563 -19.00349726
-4.94243575863 -4.94005385992
-8.93511666707 -8.94008774268
-11.5047171957 -13.2916551699
-0.817095096038 -0.680508781688
-2.65642298218 -2.3432079379
-4.49575086833 -4.00590709412
-11.0972526893 -9.58312169883
-15.0899335977 -15.1552963282
-19.5349350316 -17.0480590077
-23.6326073839 -23.1943882654
-27.6252882923 -28.7665628948
-29.4301443005 -30.7531485075
-4.94243575863 -0.680508781688
-8.93511666707 -5.13224231858
-13.2418808172 -10.7045070557
-15.581695252 -13.3229450981
-20.2563915006 -16.5755319803
-24.2853082575 -19.6907552319
-26.0901642657 -21.6773408446
-0.817095096038 -0.680508781688
-2.65642298218 -2.3432079379
-6.52355729371 -6.45265526831
-10.6104668774 -8.51565808365
-14.6031477859 -14.6619873413
-17.7453086932 -17.8107707894
-20.6139141746 -20.6695276909
-0.817095096038 -0.680508781688
-6.19482148536 -2.3432079379
-10.2237382423 -5.71002803049
-13.9614078605 -9.61378164443
-17.2283409804 -12.8418458954
-21.5474604156 -17.8181039004
-24.1615787969 -21.4586097702
-28.3545948866 -26.1912932765
-32.3472757951 -31.7634614693
-34.9168763237 -36.1150288965
-0.817095096038 -0.680508781688
-2.65642298218 -2.3432079379
-6.52355729371 -6.45265526831
-8.76464018695 -8.51565808365
-10.6039680731 -10.1783572399
-15.0082453167 -15.30303525
-16.5759647756 -17.0896533197
-18.4152926617 -18.7523524759
-20.2546205479 -20.4150516322
-23.1232260293 -23.2738085337
-0.817095096038 -0.680508781688
-7.41859691698 -7.41462470426
-11.4112778254 -12.9867928971
-15.5732810361 -16.5672206429
-19.654202578 -19.716004091
-23.1640882654 -24.1677376279
-27.6207584431 -29.7400538515
-31.701679985 -35.3122477903
-35.6047743597 -37.0988658601
-39.5974552681 -38.7615650163
-43.5901361766 -41.6203219178
-0.817095096038 -0.680508781688
-2.65642298218 -2.3432079379
-9.25792480313 -7.92042254262
-12.7166920366 -13.4925907354
-14.5560199228 -15.1552898916
-18.875139358 -19.3879698625
-20.1839756601 -20.7261449752
-25.5617020494 -25.2630363205
-28.6871121463 -27.3644567689
-30.5264400324 -29.0271559251
-32.3657679186 -30.6898550813
-34.2050958047 -32.3525542375
-36.0444236909 -34.0152533937
-42.6459255118 -35.6779525499
-46.6386064203 -40.5249988235
-50.8610509851 -43.768191956
-54.889967742 -49.5467964335
-57.9175406214 -53.6344520076
-59.2263769235 -54.9726271204
-61.888240572 -58.0744339403
-64.0409325754 -60.2484825093
-65.8802604616 -61.9111816655
-71.5262508375 -67.6897861431
-74.3490293042 -73.2619800819
-76.1883571904 -74.9246792382
-78.8502208389 -78.0264860581
-80.655076847 -80.0130716708
-4.30644699191 -4.5723290798
-7.74757708391 -8.00272561615
-9.58690497005 -9.66542477237
-11.4262328562 -11.3281239286
-14.0880965047 -14.4299307485
-16.4539817286 -17.5677723834
-18.2588377367 -19.5543579961
-0.817095096038 -0.680508781688
-2.65642298218 -2.3432079379
-9.25792480313 -4.00590709412
-13.2506057116 -10.1522363518
-16.4570974772 -13.7480253828
-18.2964253634 -15.410724539
-24.8979271843 -17.0734236953
-28.9444810827 -22.6506383
-32.955444036 -28.2228193659
-37.1174472467 -31.7876461713
-41.1284102 -36.0881487385
-45.474809657 -41.6604649621
-47.6275016604 -43.8345135311
-52.6195655689 -49.1335449284
-57.0645670028 -53.6509762001
-62.6291159496 -57.6510100828
-68.6428311057 -63.1613505738
-72.9083239241 -66.1211508381
-76.9010048325 -69.4879709307
-78.8598183864 -71.4291473431
-0.817095096038 -0.680508781688
-4.68422940756 -4.7899561121
-7.92384113091 -10.3624718208
-11.3999398207 -14.3806550221
-13.5526318242 -16.5547035911
-18.7190491198 -21.8537349884
-22.8331963093 -27.4259289272
-26.5521737946 -31.6686934945
-28.3725066363 -37.2410998131
-33.5389239319 -42.813293752
-37.0652844566 -48.3854812544
-38.8701404647 -50.3720668671
-0.817095096038 -0.680508781688
-7.41859691698 -7.41462470426
-11.4112778254 -10.4951222444
-13.7771630493 -13.6329638793
-19.1487308776 -15.8070124483
-23.1776476345 -21.9533417059
-26.0842272026 -25.9715249072
-27.9235550888 -27.6342240634
-29.7628829749 -29.2969232196
-35.1406093642 -35.4432524773
-38.2316518176 -41.0154271067
-44.8331536385 -42.6781262629
-48.825834547 -46.6272309432
-50.8718281546 -48.643302871
-55.0397166201 -53.0950364079
-59.3464807703 -57.3378009752
-62.7876108623 -60.1675481113
-66.7802917708 -61.8302472675
-72.3448271275 -63.4929464237
-77.9139860507 -65.1556455799
-81.9066669591 -66.8183447361
-86.2257863944 -71.051024707
-90.4188024841 -75.7837082133
-94.4114833926 -81.3558764061
-97.9378439172 -85.4926416842
-0.817095096038 -0.680508781688
-6.83081025208 -6.82683803936
-11.0963030705 -11.1389785466
-13.6452093031 -13.7723052015
-16.5138147845 -16.631062103
-0.817095096038 -0.680508781688
-6.83081025208 -6.2577233864
-10.0216031082 -9.35573450908
-13.998436337 -13.807468046
-17.0200219894 -16.7239509479
-23.6215238103 -23.4580668704
-27.6504405672 -27.5457224445
-31.7967448684 -33.1179099469
-0.817095096038 -0.680508781688
-6.83081025208 -6.19084927264
-10.9449574416 -8.51738760665
-14.93763835 -15.2515035292
-18.3608146384 -20.8236781586
-22.6540100594 -26.3960008178
-25.7766340848 -30.747568245
-29.9990786497 -36.319813674
-34.096751002 -39.4685971221
-38.0894319104 -43.920330659
-40.659032439 -48.2718980861
-0.817095096038 -0.680508781688
-5.53152726795 -6.45911325923
-9.19508891408 -10.5467688333
-15.796590735 -12.2094679895
-19.8075536883 -13.8721671457
-23.8002345968 -20.0184964034
-27.8811561386 -23.1672798514
-30.5430197871 -26.2690866714
-32.3478757953 -28.2556722841
-0.817095096038 -0.680508781688
-2.65642298218 -2.3432079379
-8.22558190541 -4.00590709412
-11.630476149 -5.66860625033
-13.4698040351 -7.33130540655
-20.071305856 -8.99400456276
-24.1002226129 -10.656703719
-25.9395504991 -12.3194028752
-31.9532656551 -19.0535187978
-36.1152688658 -21.9504052367
-39.5201631094 -23.6131043929
-43.7608109292 -26.9799244855
-47.2302165609 -29.9102289537
-49.069544447 -31.5729281099
-54.0616083555 -36.8719595072
-58.5066097894 -38.7647221867
-62.4992906978 -43.6117684603
-66.1041844959 -46.4888244422
-67.943512382 -48.1515235984
-72.1841602018 -52.1006282787
-76.6637671649 -55.962526897
-80.5209819338 -57.8552895765
-83.576433442 -64.0016188342
-85.4157613282 -69.5737934635
-87.2550892143 -71.2364926198
-91.4957370342 -74.6033127123
-93.4545505881 -76.5444891247
-0.817095096038 -0.680508781688
-2.65642298218 -2.3432079379
-6.82431144773 -6.7949414748
-9.37321768035 -9.4282681297
-12.2418231618 -12.2870250312
-4.94243575863 -0.680508781688
-8.93511666707 -7.41462470426
-12.964033424 -12.9867928971
-16.457168301 -18.5589868359
-20.803567758 -24.1313030595
-23.6087090833 -27.5435502774
-26.4773145647 -30.4023071789
-0.817095096038 -0.680508781688
-2.65642298218 -2.3432079379
-4.49575086833 -4.00590709412
-7.15761451682 -7.10771391406
-9.31030652024 -9.28176248305
-14.8794654435 -10.9444616393
-18.8721463519 -13.8032185408
-0.817095096038 -0.680508781688
-2.65642298218 -2.3432079379
-4.49575086833 -4.00590709412
-11.0972526893 -5.66860625033
-15.0899335977 -12.4027221729
-17.4297480325 -15.0211602153
-22.1044442811 -19.7088316228
-26.185365823 -25.2810062522
-28.7549663516 -29.6325736794
-0.817095096038 -0.680508781688
-6.83081025208 -5.52755505523
-10.8773641505 -8.45639309395
-16.4465230737 -15.1905090165
-20.5104084284 -20.7626900824
-24.5569623268 -26.3349033304
-26.1246817857 -28.1215214001
-32.7261836066 -29.7842205563
-36.7188645151 -32.8860273763
-38.8715565185 -35.0600759453
-40.7108844046 -36.7227751015
-46.7245995607 -41.569821375
-50.7711534591 -47.1420474955
-53.4330171076 -52.7142221249
-55.585709111 -54.8882706939
-61.599424267 -60.4654852986
-65.6970966193 -66.0377114191
-67.0059329214 -67.3758865319
-68.8452608076 -69.0385856881
-74.2229871969 -70.7012848443
-78.3206595492 -72.3639840005
-82.3133404576 -74.0266831568
-88.3270556137 -80.1730124144
-92.4574106134 -84.1911956157
-96.4500915219 -90.3375248733
-99.35667109 -94.3557080746
-104.200314993 -99.088343997
-108.493510414 -104.660666656
-112.540064313 -110.232892777
-116.586618211 -115.805067406
-120.57929912 -121.377254908
-0.817095096038 -0.680508781688
-2.65642298218 -2.3432079379
-4.49575086833 -4.00590709412
-8.36288517986 -8.11535442453
-10.6039680731 -10.1783572399
-15.4476119765 -14.9109931622
-19.7408073975 -20.4833158215
-23.7873612958 -26.0555290694
-27.7983242491 -29.5384771011
-32.5791270038 -35.1110249811
-36.6767993561 -40.6832511016
-40.7909465456 -46.2554514769
-42.943638549 -48.4295000459
-48.5127974722 -54.0067146506
-52.5054783807 -59.5788828434
-58.5191935367 -63.6324054111
-62.5830788915 -69.2046379678
-65.4569758121 -74.7768383431
-67.8353989815 -77.8652034187
-73.8491141376 -83.6438078962
-77.895668036 -87.7644697668
-82.0886841257 -92.497153273
-86.0813650341 -98.0693214658
-90.1955122237 -101.618300079
-94.1881931321 -106.070033616
-98.6448633098 -111.64234984
-103.101533487 -117.214666063
-106.524709776 -121.28540076
-108.677401779 -123.459449329
-115.2789036 -125.122148485
-119.271584509 -130.421179882
-122.845801054 -135.993412439
-3.9207845111 -0.680508781688
-7.02915842081 -2.3432079379
-8.86848630695 -4.00590709412
-12.8453195357 -8.45764063101
-17.3019897134 -14.0299568546
-21.2946706219 -19.6021250474
-0.817095096038 -0.680508781688
-6.38625401926 -7.41462470426
-10.3789349277 -12.9867928971
-14.4254888261 -17.2872954642
-18.7718882831 -22.8596116878
-22.1950645715 -28.4317863172
-24.87882208 -32.7961580166
-0.817095096038 -0.680508781688
-4.98498356158 -5.13224231858
-8.70396104685 -10.7045070557
-12.9971564678 -16.2768297149
-17.1113036573 -21.84908158
-0.817095096038 -0.680508781688
-7.41859691698 -2.3432079379
-11.4112778254 -4.00590709412
-16.7890042148 -10.1522363518
-19.8800466681 -15.7244109812
-26.4815484891 -21.3016255859
-30.4742293975 -26.8738066518
-32.8447256961 -29.4926612741
-37.0853735159 -33.4417659544
-39.1313671235 -35.4578378822
-45.1450822796 -40.9681783731
-49.410575098 -43.9279786374
-53.4032560065 -46.786735539
-0.817095096038 -0.680508781688
-2.65642298218 -2.3432079379
-4.49575086833 -4.00590709412
-8.8148703036 -8.98216509914
-11.4289886849 -12.622670969
-12.7378249869 -13.9608460817
-17.4522571589 -18.8078923553
-20.4211621902 -22.5322461976
-24.6141782799 -28.1047940776
-28.6430950368 -33.6770073256
-31.3800565814 -36.2707168352
-32.6888928835 -37.608891948
-37.8553101791 -44.3430078706
-41.3816707038 -49.915195373
-44.7981355576 -54.1434879077
-46.6184683992 -56.0362505872
-49.2803320477 -59.1380574072
-51.4330240511 -61.3121059762
-53.2723519373 -62.9748051324
-55.1116798234 -64.6375042886
-61.7131816444 -66.3002034448
-65.7058625528 -67.962902601
-69.6985434613 -71.064709421
-71.5033994694 -73.0512950337
-0.817095096038 -0.680508781688
-5.31446276271 -4.98101134886
-8.05142430731 -7.44550912702
-12.4557015509 -12.5701871372
-14.0234210098 -14.3568052069
-16.8920264912 -17.2155621084
-0.817095096038 -0.680508781688
-4.68422940756 -4.7899561121
-8.7711389913 -10.3624718208
-12.7821019446 -15.9346464502
-16.2232320366 -21.506814643
-20.6799022142 -27.0791308666
-24.7088189711 -32.6512990594
-28.7197819244 -38.2234801253
-32.1429582128 -42.3329274557
-36.2298677965 -44.395930271
-40.222548705 -47.7627503636
-42.4142938166 -49.7375433868
-45.8836994483 -52.6678478551
-51.8974146043 -59.4019637776
-55.9083775576 -64.97415128
-60.173870376 -67.9339515444
-63.5787646195 -70.7927084459
-0.817095096038 -0.680508781688
-2.65642298218 -2.3432079379
-8.67013813823 -9.07732386047
-12.8321413489 -11.9742102994
-16.2370355925 -14.8329672009
-0.817095096038 -0.680508781688
-2.65642298218 -2.3432079379
-8.22558190541 -7.92042254262
-12.2544986623 -13.4925907354
-15.2081826996 -16.594271587
-16.7759021585 -18.3808896567
-21.2732698252 -22.6813922239
-24.0102313698 -25.145890002
-30.6117331907 -30.7231046067
-34.6406499476 -34.7231384895
-36.8323950592 -36.6979315127
-39.0241401707 -38.6727245359
-42.4935458024 -41.6030290041
-47.3371897058 -46.3356649265
-51.6303851268 -51.9079875857
-55.1064838166 -57.4801686516
-56.9458117028 -59.1428678079
-62.1122289984 -65.8769837304
-65.638589523 -71.4491712328
-70.0105658219 -74.7219523225
-0.817095096038 -0.680508781688
-2.65642298218 -2.3432079379
-8.3024133581 -4.00590709412
-11.8122990455 -5.66860625033
-17.1900254348 -7.33130540655
-20.0639223555 -8.99400456276
-21.9032502417 -10.656703719
-24.5651138902 -13.7585105389
-26.3699698983 -15.7450961516
-0.817095096038 -0.680508781688
-5.22137233965 -6.45911325923
-9.47272065068 -12.0313136345
-13.5536421926 -16.0494968358
-15.9195274164 -19.1873384706
-17.7243834246 -21.1739240833
-0.817095096038 -0.680508781688
-3.47895874452 -3.78231560163
-5.8448439684 -6.92015723648
-10.6286251318 -12.0594788715
-12.1963445907 -13.8460969413
-14.0356724768 -15.5087960975
-15.8750003629 -17.1714952537
-21.5209907389 -22.470526651
-25.0952072847 -25.6832296167
-28.5646129163 -28.613534085
-30.4039408025 -30.2762332412
-34.6445886223 -34.2253379215
-36.6905822299 -39.797705629
-41.4050144018 -45.3698738218
-45.5976948648 -50.9421707382
-48.6671148541 -53.6047585653
-50.5064427403 -55.2674577215
-54.8255621756 -59.5001376923
-56.1343984776 -60.8383128051
-57.9737263638 -62.5010119613
-60.6355900123 -65.6028187813
-63.0014752361 -68.7406604161
-65.1541672396 -70.9147089851
-67.816030888 -74.016515805
-69.6208868962 -76.0031014177
-0.817095096038 -0.680508781688
-7.41859691698 -2.3432079379
-11.4295598703 -7.19025421144
-15.6520044351 -12.7624996404
-16.9608407372 -14.1006747532
-18.8001686233 -15.7633739094
-20.6394965095 -17.4260730656
-27.2409983304 -23.5724023233
-31.4030015411 -27.1681913544
-35.4139644944 -32.4672227516
-39.5759677051 -38.0394488721
-42.1439892616 -40.7554672429
-43.9833171478 -42.4181663991
-49.552476071 -48.5644956568
-53.5634390243 -54.1366702862
-56.437335945 -59.7088706614
-60.7028287634 -65.2811675779
-62.6616423173 -67.2223439903
-3.09660906813 -4.09275599954
-6.70150286617 -9.66494350194
-10.8478071673 -15.2371310043
-14.9287287092 -20.8093120703
-19.7095314638 -22.147487183
-22.7649829721 -23.8101863392
-29.366484793 -28.6572326128
-33.4474063349 -34.2294780418
-36.5895672422 -37.3782614898
-39.4581727236 -40.2370183913
-0.817095096038 -0.680508781688
-2.65642298218 -2.3432079379
-8.67013813823 -7.85354842885
-12.3478442917 -10.8133486932
-16.4117296465 -16.9596779508
-19.81662389 -20.9778611521
-23.6837582015 -25.0873084825
-27.1346790186 -28.819468445
-30.2933147631 -32.9071240191
-36.894816584 -39.0534532767
-40.9924889363 -44.6256600884
-43.1451809397 -46.7997086574
-45.8070445882 -49.9015154773
-47.6119005964 -51.88810109
-0.817095096038 -0.680508781688
-2.65642298218 -2.3432079379
-8.3024133581 -7.64223933518
-12.4644165688 -13.2144718919
-15.6709083345 -16.4115739172
-18.6398133658 -20.1359277595
-22.8328294555 -24.8686112658
-26.825510364 -30.4407794586
-29.5624719086 -32.9052772368
-32.224335557 -36.0070840567
-37.5959033853 -38.1811326257
-40.6513548936 -39.8438317819
-42.4906827797 -41.5065309381
-47.2051149516 -46.8055623354
-49.9924749912 -49.1162228424
-0.817095096038 -0.680508781688
-5.53152726795 -6.45911325923
-9.78287557898 -12.0313136345
-13.8294294774 -17.6034818273
-19.3940123988 -21.1524604405
-21.2333402849 -22.8151595967
-23.8952039334 -25.9169664167
-26.0478959368 -28.0910149856
-32.6493977578 -33.6682295904
-36.7635449473 -39.2403977832
-42.3327038705 -40.9030969394
-46.325384779 -42.5657960956
-49.7302790225 -45.6676029155
-54.5140601859 -47.8416514845
-57.9189544294 -50.9434583045
-63.2905222577 -53.1175068735
-66.6954165013 -56.2193136934
-71.4791976646 -58.3933622624
-74.8840919082 -61.4951690823
-77.0367839116 -63.6692176513
-81.7512160835 -68.9682490486
-85.3858739835 -72.0566141242
-90.9550329067 -73.7193132804
-94.3782091951 -75.3820124366
-97.0400728436 -78.4838192566
-98.8449288517 -80.4704048693
-0.817095096038 -0.680508781688
-2.65642298218 -2.3432079379
-4.49575086833 -4.00590709412
-6.33507875448 -5.66860625033
-12.3487939105 -11.814935508
-16.3953478089 -17.3871423196
-20.5573510196 -22.9593748764
-24.6212363743 -28.5316074331
-26.9855150363 -31.3954875755
-29.8541205178 -34.254244477
-0.817095096038 -0.680508781688
-5.22137233965 -6.45911325923
-9.47272065068 -12.0313136345
-11.2930534924 -13.924076314
-17.8945553133 -15.5867754702
-21.9055182666 -20.0385090071
-26.3621884442 -22.954991909
-29.7853647326 -25.8137488105
-0.817095096038 -0.680508781688
-2.65642298218 -2.3432079379
-8.67013813823 -4.00590709412
-12.6990548951 -5.66860625033
-16.1222311835 -11.814935508
-19.4322125569 -15.5392893503
-21.6611355092 -17.7527744485
-27.6748506653 -19.4154736047
-31.7037674222 -23.5249209351
-35.1546882392 -27.6248056777
-39.1836049961 -30.687477434
-40.4924412982 -32.0256525467
-42.3317691843 -33.688351703
-45.7143951804 -37.4167850211
-49.1329021996 -41.5439194062
-53.2949054103 -47.1161326541
-56.7113702641 -51.3444251889
-58.5317031057 -53.2371878684
-61.1935667542 -56.3389946883
-66.5651345825 -61.911909248
-70.9115340395 -64.3764070261
-74.904214948 -66.0391061823
-78.8968958564 -70.2717861532
-83.0743553254 -73.6417309913
-84.894688167 -75.5344936708
-90.9084033231 -77.1971928271
-94.93732008 -78.8598919833
-101.538821901 -80.5225911395
-105.549784854 -83.8894112321
-107.741529966 -85.8642042553
-109.70034352 -87.8053806677
-0.817095096038 -0.680508781688
-6.83081025208 -5.97954017897
-10.9928134628 -11.5517662995
-12.5605329216 -13.3383843692
-14.3998608078 -15.0010835254
-17.0617244563 -18.1028903454
-19.2144164597 -20.2769389144
-21.8762801082 -23.3787457343
-24.0289721116 -25.5527943033
-26.6908357601 -28.6546011232
-28.4956917682 -30.6411867359
-0.817095096038 -0.680508781688
-2.65642298218 -2.3432079379
-7.06070022579 -8.12181241545
-9.42497888779 -10.9856925579
-12.2935843692 -13.8444494594
-0.817095096038 -0.680508781688
-2.65642298218 -2.3432079379
-9.25792480313 -9.07732386047
-12.6990548951 -11.7298949093
-18.7127700512 -18.4640108318
-21.7682215594 -20.7938084883
-25.8491431013 -26.366098969
-27.1579794034 -27.7042740818
-32.5357057927 -32.241165427
-36.6166273346 -37.8134559077
-40.663181233 -40.7422939465
-44.7270665877 -44.9749739173
-46.0359028898 -46.3131490301
-52.0496180459 -51.8903636348
-56.0422989543 -57.4625382642
-60.1399713066 -63.0347450758
-64.1326522151 -67.0529282771
-68.2946554258 -72.6251543976
-71.9293133257 -75.7135194731
-77.9430284817 -81.2238599641
-81.6207346353 -84.1836602284
-85.0256288788 -88.4163401993
-89.2186449685 -89.754515312
-93.2296079218 -91.4172144682
-95.068935808 -96.7162458655
-97.9375412894 -102.288439804
-0.817095096038 -0.680508781688
-2.65642298218 -2.3432079379
-8.03414937151 -7.46788594804
-12.148296561 -13.0401056323
-16.1772133179 -18.6122931347
-20.1698942264 -24.1844677641
-23.376385992 -27.7802567951
-29.977887813 -33.3574713998
-32.7830291383 -36.7697186177
-36.759862367 -41.2214521546
-39.7814480194 -44.1379350565
-43.6485823309 -48.2473823869
-47.099503148 -51.9795423494
-50.2581388925 -56.0671979234
-54.6624161361 -61.845802401
-57.0266947981 -64.7096825434
-62.672685174 -66.3723816996
-66.7703575263 -72.5187109573
-72.3349200631 -78.0908855867
-78.936421884 -84.2372148444
-81.8746496631 -87.8330038754
-84.1157325564 -89.8960066907
-88.5200098 -95.6746111683
-90.884288462 -98.5384913107
-92.7236163481 -100.201190467
-96.9642641679 -103.56801056
-98.9230777218 -105.509186972
-3.9207845111 -0.680508781688
-7.98466986583 -2.3432079379
-11.9773507743 -6.57588790873
-13.2861870764 -7.91406302151
-15.9480507248 -11.0158698415
-18.3139359487 -14.1537114763
-20.6798211726 -17.2915531112
-24.6163044756 -22.4308747462
-29.0959114386 -26.8805600294
-32.2042853483 -30.3462959322
-37.5820117376 -35.1933422057
-41.8044563025 -38.4365353382
-45.9021286548 -41.2952922397
-0.817095096038 -0.680508781688
-7.41859691698 -2.3432079379
-11.4112778254 -4.00590709412
-15.3881110542 -8.45764063101
-18.6210058003 -11.5854326266
-20.7736978037 -17.1583471862
-26.7874129597 -22.7305218156
-31.0529057781 -28.3027608085
-34.0946231649 -33.8749998013
-38.0714563937 -39.4471679941
-41.0930420461 -42.363650896
-46.2594593418 -49.0977668186
-50.3736065313 -52.1957779413
-54.4201604297 -57.772992546
-58.4311233829 -63.3451607388
-61.369351162 -66.9409497698
-66.0440474106 -72.5134654786
-70.0550103639 -76.5494744638
-73.9122251329 -81.0669057354
-0.817095096038 -0.680508781688
-2.65642298218 -2.3432079379
-8.22558190541 -4.00590709412
-11.3677428127 -9.13058510425
-12.9354622716 -10.917203174
-18.9491774276 -12.5799023302
-22.372353716 -17.8789337275
-26.4012704729 -23.4511727204
-28.7717667715 -26.0700273427
-33.4861989434 -30.3027073135
-37.6636584123 -33.6726521516
-41.8566745021 -37.817548993
-0.817095096038 -0.680508781688
-6.83081025208 -7.41462470426
-10.2719403441 -11.0404460224
-15.0527430987 -12.3786211352
-19.063706052 -15.4804279551
-21.2163980554 -17.6544765241
-26.7855569786 -23.2316911288
-30.7965199319 -28.8038721947
-34.8254366888 -30.466571351
-38.8543534457 -35.442829356
-41.468471827 -39.0833352258
-42.7773081291 -40.4215103386
-47.9437254247 -46.5678395962
-51.2106585445 -49.7959038472
-53.872522193 -52.8977106671
-58.6563033564 -55.0717592361
-62.6672663097 -59.0208639164
-67.1468732727 -64.5932316239
-70.0534528408 -68.6114148251
-74.4577300844 -74.3900193027
-78.7090783955 -79.962219678
-81.7077475287 -84.1609242555
-86.4915286921 -86.3349728245
-90.5024916454 -92.113577302
-93.3252701121 -97.6857712409
-96.1938755935 -100.544528142
-0.817095096038 -0.680508781688
-3.47895874452 -3.78231560163
-5.8448439684 -6.92015723648
-7.99753597182 -9.09420580547
-9.83686385797 -10.7569049617
-15.4060227812 -12.4196041179
-19.3987036896 -15.5214109378
-21.7645889135 -18.6592525727
-23.9172809169 -20.8333011417
-30.5187827379 -26.4105157464
-34.5653366363 -31.9826839392
-38.629221991 -37.5548650051
-42.6401849443 -43.1270718167
-46.7543321338 -46.2250829394
-50.9949799536 -50.1741876197
-55.4745869166 -54.6238729029
-59.5555084585 -58.1068209346
-66.1570102795 -63.6840355393
-70.1496911879 -69.2562101687
-0.817095096038 -0.680508781688
-2.65642298218 -2.3432079379
-7.06070022579 -7.46788594804
-8.62841968466 -9.25450401777
-10.4677475708 -10.917203174
-13.3363530522 -13.7759600755
-0.817095096038 -0.680508781688
-2.65642298218 -2.3432079379
-5.5250284636 -5.20196483942
-0.817095096038 -0.680508781688
-4.98498356158 -5.13224231858
-8.06797228013 -10.7045070557
-11.3638091461 -16.276707431
-15.2210239151 -19.570363271
-19.2849092698 -22.7830662368
-21.9467729183 -25.8848730567
-23.7516289264 -27.8714586694
-0.817095096038 -0.680508781688
-2.65642298218 -2.3432079379
-9.25792480313 -8.48953719557
-12.7678104905 -14.0617375708
-14.6071383767 -15.7244367271
-19.3215705486 -19.9571166979
-21.8895921051 -22.6731350686
-26.604024277 -27.9721664659
-30.238682177 -31.0605315415
-35.8078411002 -32.7232306977
-39.8005220086 -34.3859298539
-41.6398498948 -36.0486290102
-48.2413517157 -41.6258436149
-52.2702684726 -47.1980118077
-54.422960476 -49.3720603767
-57.2915659575 -52.2308172782
-0.817095096038 -0.680508781688
-2.65642298218 -2.3432079379
-8.22558190541 -4.00590709412
-12.2721358038 -8.23858706495
-13.5809721059 -9.57676217773
-16.4495775873 -12.4355190792
-0.817095096038 -0.680508781688
-6.83081025208 -6.2577233864
-10.3406959395 -9.45482541172
-13.745590183 -15.0320400164
-17.2043574165 -20.6042082092
-20.7142431039 -22.2669073654
-24.1191373475 -28.4132366231
-26.5837239948 -33.985475616
-30.2614301483 -36.9452758803
-33.6663243918 -39.8040327818
-0.817095096038 -0.680508781688
-4.68422940756 -4.7899561121
-8.13515022458 -8.52211607457
-11.6615107492 -14.0943164498
-15.8235139599 -18.2469299202
-0.817095096038 -0.680508781688
-5.53152726795 -6.45911325923
-8.82736413395 -12.0313136345
-11.1671785687 -14.6497516769
-14.4067902921 -20.2222673856
-17.5151642018 -24.2404505869
-20.1770278503 -27.3422574068
-21.9818838584 -29.3288430195
-0.817095096038 -0.680508781688
-7.41859691698 -2.3432079379
-11.4112778254 -6.29231261824
-15.8908847884 -11.8646803257
-19.8835656969 -17.4368549551
-22.1246485901 -23.0093706638
-28.1383637462 -28.5815388566
-32.1493266994 -32.0644868883
-0.817095096038 -0.680508781688
-6.83081025208 -6.2577233864
-10.3406959395 -9.45482541172
-13.745590183 -15.0320400164
-17.2043574165 -20.6042082092
-20.7142431039 -22.2669073654
-24.1191373475 -28.4132366231
-26.5837239948 -33.985475616
-30.2614301483 -36.9452758803
-33.6663243918 -39.8040327818
